set(768,0;652,1;881,2;98,3;755,4;810,5;553,6;846,7;139,8;127,9;460,10;949,11;889,12;3,13;515,14)
insertion
shell(7,5,3)
shell(2)
shell(9,3,1)
set(977,0;768,1;623,2;32,3;256,4;986,5;595,6;455,7;692,8;639,9;631,10;479,11;175,12;908,13;547,14;616,15;893,16;665,17;521,18;608,19;102,20;281,21;646,22;899,23;209,24;856,25;352,26;952,27;735,28;875,29;380,30;84,31;703,32;139,33;383,34;630,35;161,36;764,37;899,38;583,39;812,40;868,41;839,42;136,43;815,44;933,45;685,46;504,47;960,48;124,49;478,50;536,51;12,52;201,53;615,54;302,55;394,56;873,57;743,58;997,59;507,60;201,61;561,62;479,63;851,64;99,65;500,66;728,67;396,68;812,69;865,70;806,71;975,72;266,73;444,74;168,75;421,76;880,77;967,78;413,79;469,80;17,81;159,82;699,83;183,84;596,85;877,86;397,87;108,88;955,89;591,90;465,91;62,92;952,93;248,94;173,95;324,96;368,97;481,98;288,99;22,100)
insertion
shell(7,5,3)
shell(2)
shell(9,3,1)
set(647,0;463,1;549,2;948,3;954,4;217,5;185,6;285,7;669,8;844,9;730,10;552,11;109,12;685,13;800,14;137,15;242,16;742,17;72,18;757,19;557,20;495,21;488,22;219,23;927,24;399,25;810,26;684,27;743,28;905,29;301,30;83,31;922,32;292,33;356,34;24,35;301,36;768,37;41,38;567,39;190,40;195,41;0,42;608,43;855,44;44,45;555,46;21,47;597,48;411,49;861,50;65,51;275,52;84,53;782,54;305,55;318,56;695,57;949,58;62,59;206,60;523,61;843,62;680,63;149,64;777,65;92,66;62,67;273,68;908,69;597,70;964,71;531,72;969,73;771,74;510,75;78,76;669,77;373,78;992,79;845,80;972,81;952,82;468,83;514,84;196,85;717,86;704,87;471,88;242,89;48,90;110,91;933,92;954,93;110,94;891,95;424,96;479,97;309,98;999,99;149,100;798,101;587,102;140,103;389,104;430,105;497,106;5,107;160,108;827,109;420,110;600,111;662,112;594,113;373,114;54,115;30,116;133,117;7,118;885,119;252,120;120,121;103,122;561,123;598,124;635,125;178,126;213,127;911,128;333,129;591,130;914,131;444,132;44,133;553,134;714,135;581,136;228,137;790,138;40,139;516,140;391,141;883,142;711,143;604,144;182,145;980,146;481,147;697,148;552,149;483,150;494,151;209,152;993,153;895,154;495,155;396,156;621,157;593,158;826,159;276,160;357,161;722,162;229,163;846,164;597,165;917,166;795,167;327,168;545,169;970,170;7,171;579,172;712,173;976,174;199,175;752,176;609,177;271,178;544,179;659,180;299,181;80,182;795,183;334,184;641,185;536,186;730,187;101,188;529,189;529,190;47,191;784,192;21,193;445,194;297,195;458,196;922,197;489,198;800,199;903,200;584,201;435,202;878,203;178,204;286,205;906,206;760,207;282,208;189,209;209,210;770,211;631,212;85,213;556,214;933,215;967,216;271,217;893,218;73,219;142,220;484,221;587,222;173,223;228,224;192,225;947,226;839,227;498,228;974,229;194,230;782,231;26,232;801,233;129,234;956,235;606,236;154,237;925,238;693,239;949,240;851,241;638,242;807,243;459,244;797,245;51,246;807,247;673,248;776,249;886,250;932,251;742,252;738,253;628,254;133,255;501,256;997,257;482,258;238,259;715,260;302,261;205,262;275,263;97,264;372,265;237,266;313,267;189,268;564,269;923,270;332,271;109,272)
insertion
shell(7,5,3)
shell(2)
shell(9,3,1)
set(405,0;853,1;537,2;235,3;365,4;471,5;39,6;679,7;148,8;706,9;743,10;2,11;330,12;25,13;983,14;947,15;727,16;724,17;98,18;900,19;181,20;46,21;562,22;781,23;507,24;139,25;565,26;695,27;329,28;567,29;974,30;548,31;233,32;811,33;47,34;146,35;482,36;323,37;141,38;362,39;1,40;758,41;650,42;791,43;867,44;898,45;695,46;417,47;168,48;827,49;764,50;366,51;920,52;861,53;326,54;141,55;233,56;215,57;547,58;340,59;788,60;525,61;149,62;435,63;258,64;780,65;604,66;652,67;740,68;3,69;200,70;887,71;441,72;82,73;254,74;827,75;987,76;505,77;483,78;882,79;118,80;506,81;253,82;893,83;744,84;334,85;390,86;570,87;421,88;78,89;376,90;327,91;782,92;517,93;526,94;671,95;545,96;107,97;921,98;805,99;292,100;954,101;441,102;872,103;135,104;333,105;550,106;525,107;770,108;883,109;849,110;468,111;857,112;748,113;540,114;740,115;5,116;626,117;878,118;213,119;342,120;288,121;920,122;441,123;850,124;969,125;816,126;884,127;218,128;794,129;417,130;318,131;528,132;280,133;870,134;277,135;475,136;12,137;912,138;38,139;571,140;451,141;835,142;248,143;493,144;640,145;663,146;961,147;873,148;630,149;743,150;580,151;620,152;218,153;56,154;409,155;230,156;855,157;823,158;907,159;868,160;538,161;936,162;43,163;903,164;962,165;357,166;229,167;400,168;876,169;108,170;382,171;568,172;560,173;861,174;800,175;81,176;117,177;450,178;617,179;147,180;146,181)
insertion
shell(7,5,3)
shell(2)
shell(9,3,1)
set(745,0;192,1;94,2;845,3;970,4;272,5;634,6;616,7;482,8;793,9;691,10;230,11;552,12;207,13;786,14;386,15;642,16;991,17;655,18;252,19;491,20;656,21;164,22;2,23;225,24;86,25;439,26;756,27;42,28;199,29;467,30;695,31;744,32;462,33;713,34;376,35;976,36;644,37;176,38;221,39;107,40;717,41;272,42;239,43;441,44;20,45;381,46;614,47;307,48;174,49;837,50;656,51;633,52;252,53;788,54;739,55;354,56;249,57;489,58)
insertion
shell(7,5,3)
shell(2)
shell(9,3,1)
set(522,0;743,1;361,2;881,3;729,4;63,5;247,6;8,7;143,8;398,9;105,10;551,11;549,12;339,13;743,14;540,15;533,16;444,17;596,18;216,19;589,20;174,21;709,22;988,23;917,24;469,25;640,26;25,27;276,28;845,29;329,30;869,31;225,32;942,33;990,34;217,35;464,36;978,37;357,38;14,39;102,40;356,41;848,42;845,43;841,44;997,45;145,46;571,47;27,48;811,49;837,50;766,51;247,52;968,53;181,54;390,55;842,56;35,57;312,58;257,59;23,60;427,61;123,62;845,63;83,64;263,65;742,66;619,67;418,68;453,69;581,70;290,71;820,72;557,73;735,74;870,75;792,76;750,77;527,78;983,79;741,80;831,81;354,82;802,83;300,84;667,85;595,86;744,87;720,88;376,89;193,90;450,91)
insertion
shell(7,5,3)
shell(2)
shell(9,3,1)
set(395,0;562,1;482,2;357,3;171,4;876,5;368,6;449,7;483,8;422,9;386,10;970,11;917,12;29,13;823,14)
insertion
shell(7,5,3)
shell(2)
shell(9,3,1)
set(963,0;593,1;94,2;48,3;745,4;730,5;683,6;209,7;499,8;619,9;890,10;72,11;684,12;80,13;76,14;548,15;699,16;915,17;387,18;445,19;372,20;583,21;798,22;509,23;721,24;727,25;37,26;276,27;497,28;341,29;114,30;611,31;375,32;998,33;360,34;636,35;485,36;144,37;871,38;227,39;521,40;634,41;640,42;834,43;633,44;223,45;598,46;331,47;9,48;682,49;716,50;150,51;900,52;243,53;216,54;798,55;541,56;956,57;97,58;459,59;305,60;780,61;528,62;213,63;243,64;359,65;811,66;959,67;172,68;778,69;171,70;277,71;353,72;101,73;681,74;209,75;989,76;712,77;246,78;393,79;333,80;992,81;381,82;745,83;899,84;460,85;763,86;538,87;918,88;537,89;951,90;629,91;212,92;638,93;750,94;772,95;947,96;98,97;979,98;139,99;602,100)
insertion
shell(7,5,3)
shell(2)
shell(9,3,1)
set(256,0;608,1;378,2;781,3;152,4;795,5;280,6;956,7;838,8;639,9;82,10;375,11;981,12;91,13;730,14;331,15;339,16;731,17;435,18;601,19;724,20;616,21;973,22;107,23;42,24;373,25;942,26;813,27;116,28;672,29;936,30;813,31;178,32;997,33;162,34;660,35;593,36;696,37;63,38;887,39;234,40;464,41;295,42;480,43;381,44;717,45;432,46;69,47;149,48;669,49;55,50;710,51;981,52;446,53;667,54;861,55;468,56;672,57;687,58;828,59;62,60;989,61;45,62;215,63;97,64;361,65;828,66;912,67;356,68;900,69;556,70;323,71;914,72;703,73;929,74;268,75;668,76;595,77;514,78;81,79;155,80;628,81;97,82;738,83;296,84;818,85;761,86;164,87;478,88;94,89;964,90;557,91;985,92;162,93;260,94;573,95;717,96;648,97;932,98;150,99;274,100;669,101;131,102;430,103;546,104;844,105;776,106;363,107;123,108;350,109;488,110;40,111;509,112;21,113;853,114;852,115;810,116;64,117;494,118;565,119;569,120;250,121;776,122;250,123;203,124;638,125;876,126;885,127;826,128;521,129;663,130;212,131;875,132;149,133;806,134;622,135;218,136;615,137;239,138;911,139;580,140;751,141;670,142;474,143;361,144;438,145;572,146;255,147;516,148;194,149;762,150;487,151;226,152;229,153;177,154;418,155;325,156;898,157;162,158;968,159;615,160;766,161;513,162;78,163;198,164;916,165;937,166;296,167;165,168;211,169;292,170;230,171;36,172;38,173;126,174;224,175;670,176;803,177;63,178;61,179;297,180;470,181;286,182;212,183;634,184;492,185;338,186;704,187;578,188;222,189;766,190;878,191;597,192;68,193;553,194;584,195;860,196;287,197;546,198;81,199;169,200;101,201;357,202;764,203;737,204;84,205;47,206;89,207;512,208;52,209;317,210;55,211;762,212;716,213;472,214;997,215;222,216;553,217;428,218;661,219;423,220;55,221;522,222;148,223;568,224;444,225;234,226;350,227;265,228;586,229;996,230;117,231;691,232;320,233;238,234;387,235;175,236;529,237;825,238;754,239;145,240;323,241;272,242;854,243;349,244;128,245;775,246;478,247;941,248;243,249;476,250;684,251;151,252;816,253;275,254;812,255;123,256;963,257;604,258;893,259;847,260;467,261;305,262;150,263;76,264;594,265;778,266;219,267;514,268;304,269;932,270;219,271;484,272)
insertion
shell(7,5,3)
shell(2)
shell(9,3,1)
set(526,0;706,1;687,2;417,3;599,4;105,5;446,6;988,7;41,8;335,9;882,10;581,11;189,12;551,13;127,14;2,15;149,16;489,17;727,18;860,19;931,20;400,21;546,22;861,23;848,24;477,25;620,26;490,27;391,28;470,29;556,30;484,31;980,32;678,33;30,34;831,35;446,36;391,37;224,38;75,39;899,40;480,41;77,42;265,43;613,44;996,45;270,46;267,47;609,48;852,49;508,50;904,51;805,52;281,53;908,54;227,55;91,56;105,57;649,58;503,59;256,60;131,61;640,62;922,63;909,64;334,65;543,66;325,67;348,68;534,69;221,70;181,71;172,72;813,73;589,74;925,75;719,76;729,77;761,78;468,79;911,80;279,81;98,82;603,83;926,84;759,85;415,86;695,87;5,88;677,89;897,90;514,91;606,92;745,93;66,94;160,95;491,96;824,97;101,98;992,99;934,100;573,101;804,102;701,103;232,104;595,105;122,106;425,107;496,108;979,109;653,110;565,111;46,112;252,113;573,114;714,115;792,116;825,117;158,118;507,119;588,120;274,121;160,122;266,123;717,124;477,125;354,126;833,127;300,128;133,129;119,130;576,131;641,132;557,133;416,134;470,135;875,136;616,137;861,138;743,139;116,140;752,141;570,142;323,143;87,144;416,145;792,146;8,147;911,148;786,149;244,150;13,151;331,152;897,153;761,154;454,155;765,156;861,157;581,158;376,159;387,160;804,161;606,162;794,163;514,164;605,165;724,166;846,167;6,168;111,169;296,170;416,171;529,172;310,173;37,174;531,175;947,176;755,177;177,178;575,179;819,180;604,181)
insertion
shell(7,5,3)
shell(2)
shell(9,3,1)
quit