set(205,0;330,1;240,2;815,3;270,4;11,5;25,6;616,7;522,8;754,9;486,10;662,11;186,12;352,13;464,14)
insertion
shell(7,5,3)
shell(2)
shell(9,3,1)
merge_sort
quick_sort
partition(0)
partition(5)
partition(7)
partition(14)
set(176,0;133,1;283,2;487,3;886,4;238,5;159,6;443,7;316,8;726,9;896,10;90,11;281,12;656,13;934,14;172,15;864,16;398,17;641,18;414,19;956,20;703,21;970,22;673,23;296,24;685,25;497,26;995,27;846,28;868,29;230,30;502,31;890,32;704,33;294,34;1,35;670,36;136,37;509,38;373,39;933,40;619,41;522,42;160,43;175,44;723,45;641,46;151,47;990,48;539,49;253,50;896,51;72,52;853,53;769,54;816,55;797,56;612,57;316,58;7,59;479,60;43,61;528,62;791,63;222,64;498,65;414,66;499,67;651,68;45,69;62,70;954,71;42,72;794,73;837,74;43,75;229,76;613,77;55,78;831,79;410,80;729,81;703,82;431,83;370,84;506,85;804,86;192,87;434,88;461,89;986,90;721,91;743,92;81,93;550,94;604,95;638,96;858,97;371,98;615,99;305,100)
insertion
shell(7,5,3)
shell(2)
shell(9,3,1)
merge_sort
quick_sort
partition(0)
partition(33)
partition(50)
partition(100)
set(457,0;145,1;982,2;737,3;213,4;296,5;487,6;743,7;239,8;775,9;293,10;775,11;961,12;810,13;744,14;196,15;405,16;152,17;833,18;689,19;551,20;133,21;195,22;907,23;254,24;159,25;821,26;263,27;596,28;776,29;185,30;890,31;950,32;647,33;297,34;291,35;331,36;181,37;165,38;139,39;2,40;356,41;658,42;568,43;928,44;413,45;221,46;782,47;149,48;27,49;158,50;340,51;413,52;598,53;660,54;13,55;328,56;600,57;482,58;709,59;799,60;947,61;530,62;487,63;519,64;90,65;887,66;140,67;589,68;259,69;408,70;83,71;168,72;531,73;547,74;122,75;94,76;189,77;620,78;353,79;789,80;297,81;846,82;322,83;52,84;13,85;879,86;774,87;646,88;546,89;550,90;786,91;577,92;472,93;618,94;950,95;782,96;1,97;237,98;273,99;205,100;768,101;943,102;420,103;732,104;961,105;659,106;457,107;535,108;811,109;834,110;290,111;314,112;866,113;878,114;136,115;771,116;50,117;558,118;70,119;235,120;23,121;424,122;749,123;117,124;342,125;422,126;933,127;318,128;996,129;674,130;524,131;757,132;592,133;371,134;115,135;459,136;621,137;530,138;583,139;221,140;797,141;786,142;85,143;985,144;913,145;894,146;751,147;469,148;595,149;914,150;150,151;458,152;112,153;277,154;477,155;194,156;401,157;623,158;798,159;856,160;628,161;924,162;626,163;817,164;725,165;994,166;645,167;973,168;289,169;577,170;529,171;808,172;737,173;463,174;137,175;766,176;7,177;745,178;692,179;209,180;654,181;429,182;816,183;89,184;142,185;229,186;774,187;195,188;628,189;504,190;450,191;624,192;39,193;711,194;532,195;791,196;528,197;654,198;124,199;859,200;470,201;863,202;534,203;116,204;479,205;915,206;399,207;77,208;253,209;269,210;776,211;924,212;267,213;916,214;73,215;513,216;967,217;911,218;591,219;673,220;508,221;246,222;407,223;926,224;73,225;675,226;994,227;919,228;716,229;599,230;404,231;588,232;228,233;640,234;715,235;455,236;124,237;785,238;19,239;615,240;439,241;327,242;294,243;531,244;729,245;779,246;863,247;784,248;349,249;424,250;649,251;59,252;848,253;702,254;95,255;642,256;338,257;676,258;119,259;559,260;243,261;956,262;350,263;90,264;539,265;94,266;90,267;968,268;796,269;500,270;625,271;692,272)
insertion
shell(7,5,3)
shell(2)
shell(9,3,1)
merge_sort
quick_sort
partition(0)
partition(91)
partition(136)
partition(272)
set(331,0;464,1;199,2;583,3;619,4;482,5;178,6;424,7;373,8;703,9;761,10;93,11;738,12;685,13;777,14;65,15;125,16;572,17;910,18;275,19;500,20;871,21;550,22;726,23;139,24;33,25;258,26;82,27;43,28;964,29;823,30;434,31;714,32;659,33;62,34;24,35;317,36;875,37;438,38;517,39;265,40;170,41;654,42;403,43;540,44;704,45;238,46;703,47;34,48;5,49;204,50;893,51;723,52;170,53;705,54;276,55;843,56;99,57;738,58;646,59;464,60;213,61;147,62;662,63;983,64;354,65;35,66;76,67;301,68;183,69;454,70;829,71;442,72;737,73;440,74;160,75;709,76;790,77;531,78;496,79;580,80;455,81;140,82;886,83;883,84;537,85;937,86;810,87;644,88;938,89;454,90;987,91;200,92;575,93;868,94;567,95;831,96;766,97;974,98;463,99;592,100;576,101;946,102;640,103;174,104;729,105;424,106;251,107;582,108;531,109;736,110;348,111;922,112;98,113;246,114;342,115;907,116;665,117;291,118;534,119;833,120;302,121;79,122;127,123;549,124;477,125;734,126;236,127;757,128;821,129;576,130;845,131;922,132;738,133;989,134;457,135;134,136;886,137;677,138;240,139;54,140;963,141;559,142;8,143;676,144;386,145;21,146;155,147;499,148;181,149;314,150;261,151;935,152;63,153;219,154;924,155;758,156;181,157;687,158;318,159;937,160;350,161;341,162;917,163;194,164;68,165;901,166;294,167;87,168;153,169;97,170;358,171;526,172;910,173;573,174;48,175;95,176;222,177;515,178;902,179;559,180;105,181)
insertion
shell(7,5,3)
shell(2)
shell(9,3,1)
merge_sort
quick_sort
partition(0)
partition(60)
partition(91)
partition(181)
set(297,0;479,1;630,2;762,3;356,4;66,5;919,6;227,7;32,8;85,9;124,10;494,11;745,12;987,13;600,14;792,15;80,16;249,17;542,18;391,19;618,20;263,21;633,22;174,23;744,24;920,25;509,26;970,27;237,28;670,29;309,30;957,31;18,32;783,33;358,34;548,35;697,36;385,37;650,38;207,39;202,40;183,41;486,42;236,43;785,44;363,45;525,46;80,47;615,48;730,49;868,50;450,51;552,52;565,53;485,54;672,55;151,56;620,57;854,58)
insertion
shell(7,5,3)
shell(2)
shell(9,3,1)
merge_sort
quick_sort
partition(0)
partition(19)
partition(29)
partition(58)
set(251,0;337,1;844,2;89,3;270,4;128,5;508,6;947,7;553,8;570,9;281,10;493,11;20,12;871,13;434,14;910,15;699,16;702,17;727,18;348,19;736,20;76,21;66,22;638,23;68,24;538,25;644,26;85,27;493,28;411,29;385,30;357,31;328,32;510,33;726,34;200,35;817,36;238,37;352,38;937,39;955,40;997,41;617,42;311,43;619,44;28,45;834,46;201,47;391,48;814,49;688,50;601,51;461,52;879,53;133,54;859,55;906,56;634,57;358,58;60,59;529,60;202,61;167,62;281,63;873,64;567,65;598,66;977,67;66,68;592,69;601,70;427,71;361,72;802,73;347,74;5,75;584,76;41,77;505,78;917,79;28,80;161,81;392,82;489,83;400,84;987,85;96,86;92,87;242,88;814,89;829,90;764,91)
insertion
shell(7,5,3)
shell(2)
shell(9,3,1)
merge_sort
quick_sort
partition(0)
partition(30)
partition(46)
partition(91)
set(687,0;457,1)
insertion
shell(7,5,3)
shell(2)
shell(9,3,1)
merge_sort
quick_sort
partition(0)
partition(0)
partition(1)
partition(1)
set(518,0;272,1;299,2)
insertion
shell(7,5,3)
shell(2)
shell(9,3,1)
merge_sort
quick_sort
partition(0)
partition(1)
partition(1)
partition(2)
set(868,0;286,1;988,2;72,3;983,4;89,5;548,6;488,7;787,8;606,9;9,10;662,11;312,12;913,13;795,14;409,15;700,16;941,17;982,18;721,19;146,20;756,21;613,22;987,23;963,24;682,25;431,26;698,27;573,28;702,29;161,30;349,31;764,32;980,33;626,34;17,35;400,36;843,37;823,38;766,39;596,40;938,41;679,42;467,43;433,44;474,45;687,46;5,47;817,48;336,49;617,50;802,51;545,52;441,53;520,54;75,55;414,56;592,57;249,58;351,59;3,60;176,61;482,62;187,63;220,64;22,65;109,66;688,67;867,68;617,69;837,70;290,71;461,72;827,73;312,74;49,75;179,76;845,77;656,78;757,79;306,80;749,81;110,82;13,83;489,84;614,85;726,86;864,87;780,88;762,89;953,90;285,91;628,92;536,93;801,94;616,95;729,96)
insertion
shell(7,5,3)
shell(2)
shell(9,3,1)
merge_sort
quick_sort
partition(0)
partition(32)
partition(48)
partition(96)
set(572,0;528,1;71,2;996,3;603,4;727,5;727,6;411,7;207,8;636,9;397,10;390,11;96,12;910,13;575,14;22,15;897,16;436,17;782,18;187,19;686,20;119,21;499,22;103,23;78,24;710,25;942,26;128,27;750,28;62,29;249,30;83,31;760,32;4,33;262,34;22,35;473,36;28,37;442,38;908,39;677,40;841,41;42,42;589,43;760,44;810,45;557,46;342,47;9,48;429,49;13,50;673,51;865,52;766,53;380,54;799,55;126,56;359,57;815,58;324,59;893,60;888,61;280,62;333,63;140,64;96,65;710,66;29,67;640,68;854,69;7,70;458,71;868,72;14,73;319,74;466,75;40,76;441,77;809,78;134,79;672,80;717,81;599,82;259,83;636,84;753,85;24,86;877,87;733,88;884,89;542,90;622,91;538,92;940,93;971,94;822,95;290,96;125,97;649,98;593,99;619,100;465,101;265,102;195,103;790,104;70,105;886,106;366,107;948,108;445,109;847,110;910,111;906,112;926,113;750,114;645,115;943,116;642,117;219,118;146,119;390,120;964,121;271,122;497,123;706,124;576,125;834,126;678,127;768,128;818,129;684,130;106,131;956,132;229,133;963,134;491,135;789,136;7,137;323,138;250,139;214,140;713,141;944,142;67,143;302,144;894,145;94,146;158,147;544,148;1000,149;598,150;452,151;877,152;522,153;52,154;214,155;359,156;754,157;13,158;531,159;574,160;246,161;596,162;124,163;688,164;987,165;544,166;350,167;440,168;173,169;410,170;587,171;974,172;823,173;247,174;94,175;585,176;400,177;729,178;735,179;474,180;317,181;88,182;486,183;257,184;303,185;794,186;616,187;949,188;188,189;711,190;458,191;340,192;535,193;952,194;926,195;11,196;264,197;835,198;242,199;478,200;72,201;267,202;246,203;507,204;373,205;802,206;232,207;639,208;510,209;87,210;900,211;443,212;728,213;421,214;237,215;233,216;862,217;8,218;383,219;247,220;493,221;817,222;451,223;936,224;473,225;73,226;773,227;54,228;755,229;413,230;915,231;438,232;388,233;806,234;224,235;430,236;217,237;771,238;345,239;349,240;428,241;574,242;215,243;897,244;600,245;734,246;684,247;473,248;679,249;989,250;870,251;916,252;595,253;965,254;948,255;186,256;62,257;339,258;768,259;358,260;329,261;354,262;749,263;421,264;8,265;837,266;788,267;709,268;601,269;213,270;262,271;80,272;921,273;173,274;622,275;509,276;67,277;445,278;739,279;824,280;511,281;606,282;859,283;191,284;912,285;789,286;258,287;256,288;40,289;46,290;907,291;256,292;285,293;196,294;154,295;524,296;148,297;722,298;816,299;534,300;665,301;63,302;270,303;649,304;152,305;983,306;990,307;300,308;2,309;860,310;769,311;53,312;196,313;192,314;578,315;999,316;220,317;391,318;72,319;819,320;333,321)
insertion
shell(7,5,3)
shell(2)
shell(9,3,1)
merge_sort
quick_sort
partition(0)
partition(107)
partition(161)
partition(321)
quit