Evan Olds, Cpt S 223 Instructor
3,13;98,3;127,9;139,8;460,10;515,14;553,6;652,1;755,4;768,0;810,5;846,7;881,2;889,12;949,11;
98,3;3,13;127,9;139,8;652,1;515,14;460,10;755,4;553,6;846,7;768,0;881,2;889,12;810,5;949,11;
139,8;3,13;460,10;98,3;515,14;127,9;553,6;652,1;755,4;810,5;768,0;846,7;881,2;949,11;889,12;
3,13;98,3;127,9;139,8;460,10;515,14;553,6;652,1;755,4;768,0;810,5;846,7;881,2;889,12;949,11;
12,52;17,81;22,100;32,3;62,92;84,31;99,65;102,20;108,88;124,49;136,43;139,33;159,82;161,36;168,75;173,95;175,12;183,84;201,53;201,61;209,24;248,94;256,4;266,73;281,21;288,99;302,55;324,96;352,26;368,97;380,30;383,34;394,56;396,68;397,87;413,79;421,76;444,74;455,7;465,91;469,80;478,50;479,11;479,63;481,98;500,66;504,47;507,60;521,18;536,51;547,14;561,62;583,39;591,90;595,6;596,85;608,19;615,54;616,15;623,2;630,35;631,10;639,9;646,22;665,17;685,46;692,8;699,83;703,32;728,67;735,28;743,58;764,37;768,1;806,71;812,40;812,69;815,44;839,42;851,64;856,25;865,70;868,41;873,57;875,29;877,86;880,77;893,16;899,23;899,38;908,13;933,45;952,27;952,93;955,89;960,48;967,78;975,72;977,0;986,5;997,59;
12,52;17,81;22,100;32,3;62,92;108,88;99,65;84,31;124,49;102,20;139,33;136,43;159,82;173,95;168,75;161,36;175,12;183,84;201,61;209,24;201,53;248,94;256,4;266,73;281,21;302,55;352,26;288,99;324,96;380,30;368,97;383,34;396,68;413,79;394,56;397,87;444,74;421,76;455,7;469,80;465,91;478,50;479,11;481,98;479,63;500,66;507,60;504,47;521,18;547,14;536,51;561,62;583,39;596,85;591,90;595,6;608,19;615,54;616,15;639,9;623,2;631,10;646,22;630,35;685,46;665,17;703,32;699,83;692,8;764,37;728,67;743,58;768,1;735,28;812,69;812,40;806,71;839,42;815,44;865,70;851,64;868,41;873,57;856,25;877,86;875,29;880,77;893,16;899,23;933,45;899,38;908,13;952,27;952,93;960,48;955,89;986,5;967,78;977,0;997,59;975,72;
12,52;17,81;22,100;32,3;62,92;84,31;102,20;99,65;108,88;124,49;159,82;136,43;161,36;139,33;175,12;168,75;183,84;173,95;209,24;201,53;248,94;201,61;256,4;266,73;324,96;281,21;352,26;288,99;380,30;302,55;383,34;368,97;394,56;397,87;396,68;413,79;421,76;455,7;444,74;465,91;469,80;479,11;478,50;479,63;481,98;504,47;500,66;536,51;507,60;583,39;521,18;596,85;547,14;608,19;561,62;616,15;591,90;630,35;595,6;639,9;615,54;665,17;623,2;699,83;631,10;728,67;646,22;764,37;685,46;768,1;692,8;806,71;703,32;812,69;735,28;856,25;743,58;868,41;812,40;873,57;815,44;875,29;839,42;880,77;851,64;899,23;865,70;908,13;877,86;933,45;893,16;952,27;899,38;952,93;960,48;955,89;967,78;986,5;975,72;997,59;977,0;
12,52;17,81;22,100;32,3;62,92;84,31;99,65;102,20;108,88;124,49;136,43;139,33;159,82;161,36;168,75;173,95;175,12;183,84;201,53;201,61;209,24;248,94;256,4;266,73;281,21;288,99;302,55;324,96;352,26;368,97;380,30;383,34;394,56;396,68;397,87;413,79;421,76;444,74;455,7;465,91;469,80;478,50;479,11;479,63;481,98;500,66;504,47;507,60;521,18;536,51;547,14;561,62;583,39;591,90;595,6;596,85;608,19;615,54;616,15;623,2;630,35;631,10;639,9;646,22;665,17;685,46;692,8;699,83;703,32;728,67;735,28;743,58;764,37;768,1;806,71;812,69;812,40;815,44;839,42;851,64;856,25;865,70;868,41;873,57;875,29;877,86;880,77;893,16;899,23;899,38;908,13;933,45;952,27;952,93;955,89;960,48;967,78;975,72;977,0;986,5;997,59;
0,42;5,107;7,118;7,171;21,47;21,193;24,35;26,232;30,116;40,139;41,38;44,45;44,133;47,191;48,90;51,246;54,115;62,59;62,67;65,51;72,18;73,219;78,76;80,182;83,31;84,53;85,213;92,66;97,264;101,188;103,122;109,12;109,272;110,91;110,94;120,121;129,234;133,117;133,255;137,15;140,103;142,220;149,64;149,100;154,237;160,108;173,223;178,126;178,204;182,145;185,6;189,209;189,268;190,40;192,225;194,230;195,41;196,85;199,175;205,262;206,60;209,152;209,210;213,127;217,5;219,23;228,137;228,224;229,163;237,266;238,259;242,16;242,89;252,120;271,178;271,217;273,68;275,52;275,263;276,160;282,208;285,7;286,205;292,33;297,195;299,181;301,30;301,36;302,261;305,55;309,98;313,267;318,56;327,168;332,271;333,129;334,184;356,34;357,161;372,265;373,78;373,114;389,104;391,141;396,156;399,25;411,49;420,110;424,96;430,105;435,202;444,132;445,194;458,196;459,244;463,1;468,83;471,88;479,97;481,147;482,258;483,150;484,221;488,22;489,198;494,151;495,21;495,155;497,106;498,228;501,256;510,75;514,84;516,140;523,61;529,189;529,190;531,72;536,186;544,179;545,169;549,2;552,11;552,149;553,134;555,46;556,214;557,20;561,123;564,269;567,39;579,172;581,136;584,201;587,102;587,222;591,130;593,158;594,113;597,48;597,70;597,165;598,124;600,111;604,144;606,236;608,43;609,177;621,157;628,254;631,212;635,125;638,242;641,185;647,0;659,180;662,112;669,8;669,77;673,248;680,63;684,27;685,13;693,239;695,57;697,148;704,87;711,143;712,173;714,135;715,260;717,86;722,162;730,10;730,187;738,253;742,17;742,252;743,28;752,176;757,19;760,207;768,37;770,211;771,74;776,249;777,65;782,54;782,231;784,192;790,138;795,167;795,183;797,245;798,101;800,14;800,199;801,233;807,243;807,247;810,26;826,159;827,109;839,227;843,62;844,9;845,80;846,164;851,241;855,44;861,50;878,203;883,142;885,119;886,250;891,95;893,218;895,154;903,200;905,29;906,206;908,69;911,128;914,131;917,166;922,32;922,197;923,270;925,238;927,24;932,251;933,92;933,215;947,226;948,3;949,58;949,240;952,82;954,4;954,93;956,235;964,71;967,216;969,73;970,170;972,81;974,229;976,174;980,146;992,79;993,153;997,257;999,99;
0,42;7,118;5,107;7,171;21,193;21,47;26,232;24,35;30,116;44,133;41,38;40,139;44,45;51,246;47,191;48,90;54,115;72,18;62,67;62,59;73,219;65,51;83,31;78,76;92,66;84,53;80,182;101,188;85,213;97,264;110,91;109,272;103,122;110,94;109,12;129,234;120,121;137,15;133,255;149,64;140,103;133,117;154,237;142,220;149,100;160,108;182,145;178,204;173,223;185,6;178,126;189,209;189,268;195,41;190,40;192,225;199,175;194,230;196,85;205,262;209,152;209,210;206,60;213,127;217,5;228,137;219,23;228,224;237,266;229,163;242,16;238,259;271,217;242,89;275,52;271,178;252,120;275,263;273,68;276,160;282,208;297,195;286,205;285,7;299,181;292,33;301,36;302,261;301,30;305,55;313,267;309,98;332,271;327,168;318,56;333,129;334,184;357,161;356,34;389,104;373,114;372,265;391,141;373,78;396,156;411,49;424,96;399,25;420,110;430,105;435,202;444,132;445,194;458,196;463,1;459,244;471,88;468,83;479,97;481,147;483,150;482,258;484,221;489,198;488,22;494,151;495,21;495,155;498,228;497,106;501,256;510,75;516,140;514,84;523,61;529,190;529,189;536,186;544,179;531,72;552,149;549,2;545,169;553,134;552,11;556,214;555,46;561,123;564,269;557,20;579,172;567,39;587,102;584,201;581,136;591,130;587,222;597,70;593,158;597,165;597,48;594,113;600,111;598,124;606,236;608,43;604,144;621,157;609,177;628,254;635,125;631,212;641,185;638,242;647,0;669,8;659,180;662,112;669,77;673,248;685,13;680,63;693,239;695,57;684,27;697,148;711,143;704,87;712,173;715,260;714,135;722,162;717,86;730,187;742,252;730,10;738,253;743,28;742,17;757,19;752,176;768,37;760,207;771,74;770,211;776,249;782,54;777,65;782,231;790,138;784,192;795,167;795,183;798,101;797,245;800,14;800,199;807,247;801,233;807,243;826,159;839,227;810,26;827,109;846,164;844,9;843,62;855,44;845,80;878,203;861,50;851,241;883,142;891,95;886,250;885,119;895,154;893,218;905,29;908,69;903,200;906,206;911,128;917,166;914,131;925,238;922,197;922,32;927,24;923,270;933,215;932,251;948,3;947,226;933,92;949,58;952,82;949,240;956,235;954,4;964,71;967,216;954,93;970,170;969,73;972,81;974,229;980,146;992,79;976,174;993,153;997,257;999,99;
0,42;5,107;7,118;7,171;26,232;21,47;30,116;21,193;41,38;24,35;48,90;40,139;51,246;44,45;72,18;44,133;78,76;47,191;80,182;54,115;92,66;62,59;97,264;62,67;101,188;65,51;103,122;73,219;109,12;83,31;109,272;84,53;110,94;85,213;129,234;110,91;142,220;120,121;149,64;133,117;149,100;133,255;160,108;137,15;178,126;140,103;178,204;154,237;185,6;173,223;189,268;182,145;190,40;189,209;194,230;192,225;205,262;195,41;206,60;196,85;209,152;199,175;209,210;213,127;228,224;217,5;237,266;219,23;242,16;228,137;252,120;229,163;271,178;238,259;273,68;242,89;275,52;271,217;276,160;275,263;282,208;285,7;301,30;286,205;301,36;292,33;309,98;297,195;318,56;299,181;327,168;302,261;334,184;305,55;356,34;313,267;373,78;332,271;373,114;333,129;389,104;357,161;396,156;372,265;420,110;391,141;424,96;399,25;435,202;411,49;444,132;430,105;445,194;463,1;458,196;468,83;459,244;479,97;471,88;481,147;482,258;484,221;483,150;494,151;488,22;495,21;489,198;495,155;497,106;510,75;498,228;523,61;501,256;529,189;514,84;544,179;516,140;545,169;529,190;552,11;531,72;552,149;536,186;561,123;549,2;564,269;553,134;567,39;555,46;584,201;556,214;594,113;557,20;597,165;579,172;600,111;581,136;608,43;587,102;609,177;587,222;621,157;591,130;635,125;593,158;641,185;597,48;669,77;597,70;680,63;598,124;684,27;604,144;685,13;606,236;693,239;628,254;695,57;631,212;704,87;638,242;711,143;647,0;712,173;659,180;714,135;662,112;730,187;669,8;738,253;673,248;742,17;697,148;757,19;715,260;760,207;717,86;768,37;722,162;770,211;730,10;776,249;742,252;777,65;743,28;782,231;752,176;795,167;771,74;795,183;782,54;797,245;784,192;798,101;790,138;800,199;800,14;801,233;810,26;807,243;843,62;807,247;845,80;826,159;846,164;827,109;855,44;839,227;861,50;844,9;883,142;851,241;886,250;878,203;893,218;885,119;895,154;891,95;903,200;905,29;906,206;908,69;911,128;914,131;917,166;922,197;922,32;932,251;923,270;933,215;925,238;948,3;927,24;954,93;933,92;956,235;947,226;964,71;949,58;969,73;949,240;972,81;952,82;974,229;954,4;992,79;967,216;993,153;970,170;997,257;976,174;999,99;980,146;
0,42;5,107;7,118;7,171;21,193;21,47;24,35;26,232;30,116;40,139;41,38;44,45;44,133;47,191;48,90;51,246;54,115;62,67;62,59;65,51;72,18;73,219;78,76;80,182;83,31;84,53;85,213;92,66;97,264;101,188;103,122;109,12;109,272;110,91;110,94;120,121;129,234;133,117;133,255;137,15;140,103;142,220;149,64;149,100;154,237;160,108;173,223;178,204;178,126;182,145;185,6;189,209;189,268;190,40;192,225;194,230;195,41;196,85;199,175;205,262;206,60;209,152;209,210;213,127;217,5;219,23;228,137;228,224;229,163;237,266;238,259;242,89;242,16;252,120;271,178;271,217;273,68;275,263;275,52;276,160;282,208;285,7;286,205;292,33;297,195;299,181;301,36;301,30;302,261;305,55;309,98;313,267;318,56;327,168;332,271;333,129;334,184;356,34;357,161;372,265;373,78;373,114;389,104;391,141;396,156;399,25;411,49;420,110;424,96;430,105;435,202;444,132;445,194;458,196;459,244;463,1;468,83;471,88;479,97;481,147;482,258;483,150;484,221;488,22;489,198;494,151;495,155;495,21;497,106;498,228;501,256;510,75;514,84;516,140;523,61;529,189;529,190;531,72;536,186;544,179;545,169;549,2;552,149;552,11;553,134;555,46;556,214;557,20;561,123;564,269;567,39;579,172;581,136;584,201;587,102;587,222;591,130;593,158;594,113;597,48;597,165;597,70;598,124;600,111;604,144;606,236;608,43;609,177;621,157;628,254;631,212;635,125;638,242;641,185;647,0;659,180;662,112;669,8;669,77;673,248;680,63;684,27;685,13;693,239;695,57;697,148;704,87;711,143;712,173;714,135;715,260;717,86;722,162;730,10;730,187;738,253;742,17;742,252;743,28;752,176;757,19;760,207;768,37;770,211;771,74;776,249;777,65;782,54;782,231;784,192;790,138;795,167;795,183;797,245;798,101;800,14;800,199;801,233;807,247;807,243;810,26;826,159;827,109;839,227;843,62;844,9;845,80;846,164;851,241;855,44;861,50;878,203;883,142;885,119;886,250;891,95;893,218;895,154;903,200;905,29;906,206;908,69;911,128;914,131;917,166;922,197;922,32;923,270;925,238;927,24;932,251;933,215;933,92;947,226;948,3;949,240;949,58;952,82;954,93;954,4;956,235;964,71;967,216;969,73;970,170;972,81;974,229;976,174;980,146;992,79;993,153;997,257;999,99;
1,40;2,11;3,69;5,116;12,137;25,13;38,139;39,6;43,163;46,21;47,34;56,154;78,89;81,176;82,73;98,18;107,97;108,170;117,177;118,80;135,104;139,25;141,38;141,55;146,35;146,181;147,180;148,8;149,62;168,48;181,20;200,70;213,119;215,57;218,128;218,153;229,167;230,156;233,32;233,56;235,3;248,143;253,82;254,74;258,64;277,135;280,133;288,121;292,100;318,131;323,37;326,54;327,91;329,28;330,12;333,105;334,85;340,59;342,120;357,166;362,39;365,4;366,51;376,90;382,171;390,86;400,168;405,0;409,155;417,47;417,130;421,88;435,63;441,72;441,102;441,123;450,178;451,141;468,111;471,5;475,136;482,36;483,78;493,144;505,77;506,81;507,24;517,93;525,61;525,107;526,94;528,132;537,2;538,161;540,114;545,96;547,58;548,31;550,106;560,173;562,22;565,26;567,29;568,172;570,87;571,140;580,151;604,66;617,179;620,152;626,117;630,149;640,145;650,42;652,67;663,146;671,95;679,7;695,27;695,46;706,9;724,17;727,16;740,68;740,115;743,10;743,150;744,84;748,113;758,41;764,50;770,108;780,65;781,23;782,92;788,60;791,43;794,129;800,175;805,99;811,33;816,126;823,158;827,49;827,75;835,142;849,110;850,124;853,1;855,157;857,112;861,53;861,174;867,44;868,160;870,134;872,103;873,148;876,169;878,118;882,79;883,109;884,127;887,71;893,83;898,45;900,19;903,164;907,159;912,138;920,52;920,122;921,98;936,162;947,15;954,101;961,147;962,165;969,125;974,30;983,14;987,76;
1,40;2,11;25,13;5,116;3,69;38,139;12,137;43,163;39,6;47,34;46,21;78,89;56,154;82,73;81,176;98,18;107,97;108,170;117,177;139,25;118,80;135,104;141,55;146,181;141,38;146,35;148,8;147,180;181,20;149,62;213,119;200,70;168,48;215,57;229,167;218,153;233,56;230,156;218,128;235,3;233,32;253,82;248,143;254,74;277,135;258,64;280,133;288,121;292,100;318,131;326,54;323,37;327,91;329,28;330,12;340,59;333,105;334,85;342,120;357,166;362,39;365,4;382,171;366,51;376,90;390,86;417,47;400,168;409,155;417,130;405,0;435,63;421,88;441,123;441,102;451,141;441,72;450,178;471,5;468,111;483,78;475,136;482,36;493,144;505,77;517,93;507,24;506,81;525,61;525,107;528,132;526,94;538,161;537,2;545,96;540,114;550,106;547,58;548,31;560,173;562,22;565,26;570,87;567,29;568,172;571,140;580,151;620,152;617,179;604,66;626,117;630,149;650,42;640,145;663,146;652,67;695,46;671,95;706,9;695,27;679,7;740,68;724,17;740,115;743,150;727,16;748,113;743,10;764,50;758,41;744,84;780,65;781,23;770,108;788,60;782,92;794,129;791,43;805,99;800,175;816,126;811,33;827,49;827,75;823,158;849,110;835,142;850,124;855,157;853,1;861,53;861,174;857,112;867,44;870,134;868,160;872,103;876,169;878,118;873,148;882,79;893,83;884,127;883,109;898,45;887,71;903,164;900,19;907,159;912,138;920,52;921,98;920,122;947,15;962,165;936,162;954,101;974,30;961,147;969,125;983,14;987,76;
1,40;2,11;5,116;3,69;39,6;12,137;47,34;25,13;56,154;38,139;81,176;43,163;98,18;46,21;108,170;78,89;118,80;82,73;135,104;107,97;141,38;117,177;147,180;139,25;148,8;141,55;149,62;146,35;168,48;146,181;181,20;213,119;200,70;215,57;218,128;218,153;230,156;229,167;233,32;235,3;233,56;248,143;253,82;277,135;254,74;280,133;258,64;288,121;292,100;318,131;326,54;323,37;329,28;327,91;330,12;333,105;342,120;334,85;357,166;340,59;365,4;362,39;376,90;366,51;390,86;382,171;400,168;409,155;405,0;417,47;417,130;435,63;421,88;441,123;441,72;451,141;441,102;468,111;450,178;471,5;475,136;505,77;482,36;506,81;483,78;517,93;493,144;525,61;507,24;525,107;526,94;538,161;528,132;548,31;537,2;560,173;540,114;567,29;545,96;570,87;547,58;580,151;550,106;617,179;562,22;626,117;565,26;630,149;568,172;640,145;571,140;652,67;604,66;671,95;620,152;679,7;650,42;695,27;663,146;706,9;695,46;724,17;727,16;740,115;740,68;748,113;743,10;758,41;743,150;780,65;744,84;781,23;764,50;791,43;770,108;794,129;782,92;800,175;788,60;805,99;816,126;811,33;823,158;827,49;835,142;827,75;849,110;853,1;850,124;855,157;857,112;861,53;861,174;872,103;867,44;876,169;868,160;882,79;870,134;883,109;873,148;884,127;878,118;887,71;903,164;893,83;912,138;898,45;920,52;900,19;920,122;907,159;921,98;947,15;936,162;954,101;974,30;961,147;983,14;962,165;987,76;969,125;
1,40;2,11;3,69;5,116;12,137;25,13;38,139;39,6;43,163;46,21;47,34;56,154;78,89;81,176;82,73;98,18;107,97;108,170;117,177;118,80;135,104;139,25;141,38;141,55;146,35;146,181;147,180;148,8;149,62;168,48;181,20;200,70;213,119;215,57;218,153;218,128;229,167;230,156;233,32;233,56;235,3;248,143;253,82;254,74;258,64;277,135;280,133;288,121;292,100;318,131;323,37;326,54;327,91;329,28;330,12;333,105;334,85;340,59;342,120;357,166;362,39;365,4;366,51;376,90;382,171;390,86;400,168;405,0;409,155;417,130;417,47;421,88;435,63;441,123;441,102;441,72;450,178;451,141;468,111;471,5;475,136;482,36;483,78;493,144;505,77;506,81;507,24;517,93;525,61;525,107;526,94;528,132;537,2;538,161;540,114;545,96;547,58;548,31;550,106;560,173;562,22;565,26;567,29;568,172;570,87;571,140;580,151;604,66;617,179;620,152;626,117;630,149;640,145;650,42;652,67;663,146;671,95;679,7;695,46;695,27;706,9;724,17;727,16;740,115;740,68;743,10;743,150;744,84;748,113;758,41;764,50;770,108;780,65;781,23;782,92;788,60;791,43;794,129;800,175;805,99;811,33;816,126;823,158;827,49;827,75;835,142;849,110;850,124;853,1;855,157;857,112;861,53;861,174;867,44;868,160;870,134;872,103;873,148;876,169;878,118;882,79;883,109;884,127;887,71;893,83;898,45;900,19;903,164;907,159;912,138;920,122;920,52;921,98;936,162;947,15;954,101;961,147;962,165;969,125;974,30;983,14;987,76;
2,23;20,45;42,28;86,25;94,2;107,40;164,22;174,49;176,38;192,1;199,29;207,13;221,39;225,24;230,11;239,43;249,57;252,19;252,53;272,5;272,42;307,48;354,56;376,35;381,46;386,15;439,26;441,44;462,33;467,30;482,8;489,58;491,20;552,12;614,47;616,7;633,52;634,6;642,16;644,37;655,18;656,21;656,51;691,10;695,31;713,34;717,41;739,55;744,32;745,0;756,27;786,14;788,54;793,9;837,50;845,3;970,4;976,36;991,17;
20,45;86,25;2,23;42,28;164,22;107,40;94,2;174,49;192,1;199,29;176,38;221,39;207,13;230,11;239,43;225,24;252,19;249,57;272,5;272,42;252,53;307,48;354,56;376,35;381,46;441,44;439,26;386,15;462,33;482,8;467,30;489,58;552,12;491,20;616,7;614,47;642,16;634,6;633,52;655,18;644,37;656,21;656,51;695,31;691,10;739,55;717,41;713,34;744,32;745,0;786,14;756,27;845,3;793,9;788,54;970,4;837,50;991,17;976,36;
42,28;2,23;94,2;20,45;107,40;86,25;164,22;174,49;176,38;192,1;225,24;199,29;272,42;207,13;307,48;221,39;354,56;230,11;381,46;239,43;439,26;249,57;441,44;252,19;467,30;252,53;482,8;272,5;489,58;376,35;491,20;386,15;552,12;462,33;633,52;614,47;634,6;616,7;642,16;644,37;655,18;656,21;691,10;656,51;713,34;695,31;744,32;717,41;745,0;739,55;786,14;756,27;788,54;793,9;837,50;845,3;970,4;991,17;976,36;
2,23;20,45;42,28;86,25;94,2;107,40;164,22;174,49;176,38;192,1;199,29;207,13;221,39;225,24;230,11;239,43;249,57;252,53;252,19;272,42;272,5;307,48;354,56;376,35;381,46;386,15;439,26;441,44;462,33;467,30;482,8;489,58;491,20;552,12;614,47;616,7;633,52;634,6;642,16;644,37;655,18;656,21;656,51;691,10;695,31;713,34;717,41;739,55;744,32;745,0;756,27;786,14;788,54;793,9;837,50;845,3;970,4;976,36;991,17;
8,7;14,39;23,60;25,27;27,48;35,57;63,5;83,64;102,40;105,10;123,62;143,8;145,46;174,21;181,54;193,90;216,19;217,35;225,32;247,6;247,52;257,59;263,65;276,28;290,71;300,84;312,58;329,30;339,13;354,82;356,41;357,38;361,2;376,89;390,55;398,9;418,68;427,61;444,17;450,91;453,69;464,36;469,25;522,0;527,78;533,16;540,15;549,12;551,11;557,73;571,47;581,70;589,20;595,86;596,18;619,67;640,26;667,85;709,22;720,88;729,4;735,74;741,80;742,66;743,1;743,14;744,87;750,77;766,51;792,76;802,83;811,49;820,72;831,81;837,50;841,44;842,56;845,29;845,43;845,63;848,42;869,31;870,75;881,3;917,24;942,33;968,53;978,37;983,79;988,23;990,34;997,45;
8,7;14,39;35,57;25,27;23,60;63,5;27,48;105,10;83,64;143,8;123,62;102,40;145,46;174,21;217,35;181,54;216,19;225,32;193,90;247,6;257,59;276,28;247,52;300,84;290,71;263,65;329,30;312,58;339,13;357,38;356,41;354,82;361,2;376,89;398,9;390,55;444,17;427,61;418,68;450,91;453,69;522,0;464,36;533,16;527,78;469,25;540,15;551,11;557,73;549,12;571,47;589,20;581,70;595,86;596,18;619,67;640,26;709,22;667,85;729,4;720,88;735,74;741,80;743,1;742,66;743,14;750,77;766,51;744,87;792,76;811,49;802,83;841,44;820,72;831,81;842,56;837,50;845,43;845,29;845,63;869,31;848,42;917,24;870,75;942,33;968,53;881,3;990,34;978,37;983,79;997,45;988,23;
23,60;8,7;27,48;14,39;83,64;25,27;102,40;35,57;105,10;63,5;123,62;174,21;143,8;216,19;145,46;217,35;181,54;257,59;193,90;263,65;225,32;290,71;247,6;339,13;247,52;356,41;276,28;376,89;300,84;390,55;312,58;398,9;329,30;427,61;354,82;444,17;357,38;450,91;361,2;453,69;418,68;469,25;464,36;540,15;522,0;551,11;527,78;557,73;533,16;571,47;549,12;619,67;581,70;667,85;589,20;743,1;595,86;744,87;596,18;750,77;640,26;766,51;709,22;802,83;720,88;811,49;729,4;831,81;735,74;845,29;741,80;845,43;742,66;845,63;743,14;869,31;792,76;870,75;820,72;881,3;837,50;942,33;841,44;968,53;842,56;978,37;848,42;983,79;917,24;988,23;990,34;997,45;
8,7;14,39;23,60;25,27;27,48;35,57;63,5;83,64;102,40;105,10;123,62;143,8;145,46;174,21;181,54;193,90;216,19;217,35;225,32;247,52;247,6;257,59;263,65;276,28;290,71;300,84;312,58;329,30;339,13;354,82;356,41;357,38;361,2;376,89;390,55;398,9;418,68;427,61;444,17;450,91;453,69;464,36;469,25;522,0;527,78;533,16;540,15;549,12;551,11;557,73;571,47;581,70;589,20;595,86;596,18;619,67;640,26;667,85;709,22;720,88;729,4;735,74;741,80;742,66;743,14;743,1;744,87;750,77;766,51;792,76;802,83;811,49;820,72;831,81;837,50;841,44;842,56;845,63;845,43;845,29;848,42;869,31;870,75;881,3;917,24;942,33;968,53;978,37;983,79;988,23;990,34;997,45;
29,13;171,4;357,3;368,6;386,10;395,0;422,9;449,7;482,2;483,8;562,1;823,14;876,5;917,12;970,11;
357,3;29,13;368,6;386,10;171,4;395,0;482,2;449,7;422,9;483,8;562,1;823,14;917,12;876,5;970,11;
171,4;29,13;368,6;357,3;386,10;422,9;395,0;449,7;482,2;562,1;483,8;876,5;823,14;970,11;917,12;
29,13;171,4;357,3;368,6;386,10;395,0;422,9;449,7;482,2;483,8;562,1;823,14;876,5;917,12;970,11;
9,48;37,26;48,3;72,11;76,14;80,13;94,2;97,58;98,97;101,73;114,30;139,99;144,37;150,51;171,70;172,68;209,7;209,75;212,92;213,63;216,54;223,45;227,39;243,53;243,64;246,78;276,27;277,71;305,60;331,47;333,80;341,29;353,72;359,65;360,34;372,20;375,32;381,82;387,18;393,79;445,19;459,59;460,85;485,36;497,28;499,8;509,23;521,40;528,62;537,89;538,87;541,56;548,15;583,21;593,1;598,46;602,100;611,31;619,9;629,91;633,44;634,41;636,35;638,93;640,42;681,74;682,49;683,6;684,12;699,16;712,77;716,50;721,24;727,25;730,5;745,4;745,83;750,94;763,86;772,95;778,69;780,61;798,22;798,55;811,66;834,43;871,38;890,10;899,84;900,52;915,17;918,88;947,96;951,90;956,57;959,67;963,0;979,98;989,76;992,81;998,33;
37,26;9,48;76,14;48,3;72,11;80,13;97,58;98,97;94,2;101,73;144,37;139,99;114,30;171,70;150,51;172,68;209,75;209,7;212,92;213,63;223,45;216,54;243,64;227,39;276,27;246,78;243,53;277,71;331,47;333,80;305,60;341,29;353,72;360,34;359,65;381,82;372,20;375,32;387,18;445,19;459,59;393,79;460,85;485,36;497,28;528,62;509,23;499,8;537,89;521,40;538,87;541,56;583,21;593,1;548,15;598,46;602,100;619,9;611,31;629,91;634,41;633,44;638,93;636,35;640,42;682,49;681,74;699,16;683,6;716,50;712,77;684,12;721,24;727,25;745,4;730,5;772,95;750,94;745,83;778,69;763,86;811,66;780,61;798,55;834,43;798,22;900,52;890,10;871,38;915,17;899,84;947,96;918,88;956,57;963,0;951,90;959,67;989,76;979,98;998,33;992,81;
9,48;48,3;37,26;72,11;76,14;80,13;94,2;98,97;97,58;101,73;114,30;139,99;171,70;144,37;172,68;150,51;212,92;209,7;216,54;209,75;243,64;213,63;246,78;223,45;305,60;227,39;333,80;243,53;353,72;276,27;360,34;277,71;372,20;331,47;375,32;341,29;381,82;359,65;387,18;393,79;485,36;445,19;497,28;459,59;499,8;460,85;521,40;509,23;528,62;537,89;541,56;538,87;598,46;548,15;602,100;583,21;633,44;593,1;640,42;611,31;681,74;619,9;683,6;629,91;684,12;634,41;699,16;636,35;716,50;638,93;721,24;682,49;745,4;712,77;750,94;727,25;763,86;730,5;798,22;745,83;811,66;772,95;871,38;778,69;890,10;780,61;899,84;798,55;900,52;834,43;918,88;915,17;947,96;956,57;951,90;959,67;963,0;992,81;979,98;998,33;989,76;
9,48;37,26;48,3;72,11;76,14;80,13;94,2;97,58;98,97;101,73;114,30;139,99;144,37;150,51;171,70;172,68;209,75;209,7;212,92;213,63;216,54;223,45;227,39;243,53;243,64;246,78;276,27;277,71;305,60;331,47;333,80;341,29;353,72;359,65;360,34;372,20;375,32;381,82;387,18;393,79;445,19;459,59;460,85;485,36;497,28;499,8;509,23;521,40;528,62;537,89;538,87;541,56;548,15;583,21;593,1;598,46;602,100;611,31;619,9;629,91;633,44;634,41;636,35;638,93;640,42;681,74;682,49;683,6;684,12;699,16;712,77;716,50;721,24;727,25;730,5;745,4;745,83;750,94;763,86;772,95;778,69;780,61;798,22;798,55;811,66;834,43;871,38;890,10;899,84;900,52;915,17;918,88;947,96;951,90;956,57;959,67;963,0;979,98;989,76;992,81;998,33;
21,113;36,172;38,173;40,111;42,24;45,62;47,206;52,209;55,50;55,211;55,221;61,179;62,60;63,38;63,178;64,117;68,193;69,47;76,264;78,163;81,79;81,199;82,10;84,205;89,207;91,13;94,89;97,64;97,82;101,201;107,23;116,28;117,231;123,108;123,256;126,174;128,245;131,102;145,240;148,223;149,48;149,133;150,99;150,263;151,252;152,4;155,80;162,34;162,93;162,158;164,87;165,168;169,200;175,236;177,154;178,32;194,149;198,164;203,124;211,169;212,131;212,183;215,63;218,136;219,267;219,271;222,189;222,216;224,175;226,152;229,153;230,171;234,40;234,226;238,234;239,138;243,249;250,121;250,123;255,147;256,0;260,94;265,228;268,75;272,242;274,100;275,254;280,6;286,182;287,197;292,170;295,42;296,84;296,167;297,180;304,269;305,262;317,210;320,233;323,71;323,241;325,156;331,15;338,186;339,16;349,244;350,109;350,227;356,68;357,202;361,65;361,144;363,107;373,25;375,11;378,2;381,44;387,235;418,155;423,220;428,218;430,103;432,46;435,18;438,145;444,225;446,53;464,41;467,261;468,56;470,181;472,214;474,143;476,250;478,88;478,247;480,43;484,272;487,151;488,110;492,185;494,118;509,112;512,208;513,162;514,78;514,268;516,148;521,129;522,222;529,237;546,104;546,198;553,194;553,217;556,70;557,91;565,119;568,224;569,120;572,146;573,95;578,188;580,140;584,195;586,229;593,36;594,265;595,77;597,192;601,19;604,258;608,1;615,137;615,160;616,21;622,135;628,81;634,184;638,125;639,9;648,97;660,35;661,219;663,130;667,54;668,76;669,49;669,101;670,142;670,176;672,29;672,57;684,251;687,58;691,232;696,37;703,73;704,187;710,51;716,213;717,45;717,96;724,20;730,14;731,17;737,204;738,83;751,141;754,239;761,86;762,150;762,212;764,203;766,161;766,190;775,246;776,106;776,122;778,266;781,3;795,5;803,177;806,134;810,116;812,255;813,27;813,31;816,253;818,85;825,238;826,128;828,59;828,66;838,8;844,105;847,260;852,115;853,114;854,243;860,196;861,55;875,132;876,126;878,191;885,127;887,39;893,259;898,157;900,69;911,139;912,67;914,72;916,165;929,74;932,98;932,270;936,30;937,166;941,248;942,26;956,7;963,257;964,90;968,159;973,22;981,12;981,52;985,92;989,61;996,230;997,33;997,215;
38,173;21,113;45,62;40,111;36,172;47,206;42,24;52,209;55,221;55,211;55,50;62,60;61,179;64,117;63,38;63,178;76,264;69,47;68,193;81,79;78,163;81,199;91,13;82,10;89,207;94,89;84,205;97,64;97,82;101,201;107,23;117,231;123,108;116,28;123,256;126,174;148,223;128,245;131,102;150,99;145,240;149,133;150,263;149,48;155,80;151,252;162,93;162,158;152,4;164,87;162,34;175,236;165,168;178,32;177,154;169,200;194,149;198,164;211,169;203,124;212,131;212,183;218,136;219,267;215,63;219,271;222,189;224,175;222,216;229,153;226,152;234,226;238,234;230,171;234,40;243,249;239,138;250,123;250,121;256,0;255,147;265,228;260,94;268,75;272,242;274,100;280,6;275,254;292,170;286,182;296,84;295,42;287,197;297,180;296,167;305,262;304,269;323,241;317,210;323,71;325,156;320,233;338,186;331,15;349,244;339,16;350,227;357,202;356,68;350,109;363,107;361,144;361,65;378,2;375,11;373,25;381,44;418,155;387,235;430,103;423,220;438,145;432,46;428,218;444,225;435,18;464,41;446,53;472,214;468,56;467,261;476,250;470,181;474,143;478,247;484,272;478,88;480,43;487,151;494,118;488,110;513,162;509,112;492,185;514,268;512,208;521,129;516,148;514,78;522,222;529,237;546,104;546,198;553,194;553,217;565,119;556,70;557,91;572,146;568,224;569,120;578,188;573,95;580,140;593,36;584,195;586,229;594,265;595,77;597,192;601,19;608,1;604,258;615,160;615,137;616,21;622,135;634,184;628,81;648,97;639,9;638,125;660,35;663,130;667,54;661,219;668,76;669,101;670,176;669,49;672,29;672,57;670,142;687,58;684,251;696,37;691,232;703,73;704,187;710,51;717,45;716,213;717,96;730,14;724,20;737,204;738,83;731,17;751,141;761,86;762,212;754,239;766,190;764,203;762,150;776,122;766,161;776,106;781,3;775,246;778,266;806,134;803,177;795,5;810,116;813,31;812,255;816,253;813,27;826,128;818,85;828,66;828,59;825,238;838,8;847,260;844,105;854,243;852,115;875,132;860,196;853,114;876,126;861,55;878,191;885,127;900,69;893,259;887,39;912,67;898,157;914,72;929,74;911,139;932,98;932,270;916,165;936,30;937,166;942,26;941,248;956,7;968,159;963,257;981,52;973,22;964,90;981,12;985,92;996,230;989,61;997,215;997,33;
36,172;21,113;42,24;38,173;45,62;40,111;47,206;52,209;55,50;55,211;62,60;55,221;63,38;61,179;63,178;64,117;76,264;68,193;82,10;69,47;97,64;78,163;97,82;81,79;116,28;81,199;123,108;84,205;123,256;89,207;126,174;91,13;131,102;94,89;145,240;101,201;149,48;107,23;151,252;117,231;152,4;128,245;155,80;148,223;162,34;149,133;162,158;150,99;165,168;150,263;169,200;162,93;175,236;164,87;177,154;194,149;178,32;211,169;198,164;212,131;203,124;212,183;218,136;215,63;222,216;219,267;226,152;219,271;234,40;222,189;234,226;224,175;238,234;229,153;239,138;230,171;256,0;243,249;260,94;250,121;265,228;250,123;272,242;255,147;274,100;268,75;275,254;287,197;280,6;296,167;286,182;304,269;292,170;320,233;295,42;323,71;296,84;323,241;297,180;331,15;305,262;350,109;317,210;350,227;325,156;361,65;338,186;363,107;339,16;373,25;349,244;375,11;356,68;387,235;357,202;418,155;361,144;430,103;378,2;438,145;381,44;444,225;423,220;446,53;428,218;464,41;432,46;467,261;435,18;470,181;468,56;474,143;472,214;478,247;476,250;480,43;478,88;487,151;484,272;492,185;488,110;521,129;494,118;529,237;509,112;553,217;512,208;557,91;513,162;565,119;514,78;573,95;514,268;584,195;516,148;586,229;522,222;594,265;546,104;595,77;546,198;601,19;553,194;608,1;556,70;615,137;568,224;616,21;569,120;622,135;572,146;628,81;578,188;638,125;580,140;639,9;593,36;648,97;597,192;660,35;604,258;661,219;615,160;669,49;634,184;669,101;663,130;672,29;667,54;672,57;668,76;684,251;670,142;696,37;670,176;703,73;687,58;704,187;691,232;710,51;717,96;716,213;724,20;717,45;730,14;731,17;737,204;738,83;761,86;751,141;762,150;754,239;762,212;764,203;766,190;766,161;775,246;781,3;776,106;795,5;776,122;803,177;778,266;812,255;806,134;813,27;810,116;813,31;825,238;816,253;826,128;818,85;828,66;828,59;838,8;844,105;847,260;852,115;853,114;854,243;860,196;861,55;875,132;878,191;876,126;885,127;914,72;887,39;929,74;893,259;932,98;898,157;932,270;900,69;936,30;911,139;937,166;912,67;941,248;916,165;942,26;956,7;964,90;963,257;973,22;968,159;981,12;989,61;981,52;997,33;985,92;997,215;996,230;
21,113;36,172;38,173;40,111;42,24;45,62;47,206;52,209;55,211;55,50;55,221;61,179;62,60;63,178;63,38;64,117;68,193;69,47;76,264;78,163;81,79;81,199;82,10;84,205;89,207;91,13;94,89;97,64;97,82;101,201;107,23;116,28;117,231;123,108;123,256;126,174;128,245;131,102;145,240;148,223;149,48;149,133;150,99;150,263;151,252;152,4;155,80;162,93;162,158;162,34;164,87;165,168;169,200;175,236;177,154;178,32;194,149;198,164;203,124;211,169;212,183;212,131;215,63;218,136;219,267;219,271;222,189;222,216;224,175;226,152;229,153;230,171;234,40;234,226;238,234;239,138;243,249;250,121;250,123;255,147;256,0;260,94;265,228;268,75;272,242;274,100;275,254;280,6;286,182;287,197;292,170;295,42;296,167;296,84;297,180;304,269;305,262;317,210;320,233;323,241;323,71;325,156;331,15;338,186;339,16;349,244;350,227;350,109;356,68;357,202;361,65;361,144;363,107;373,25;375,11;378,2;381,44;387,235;418,155;423,220;428,218;430,103;432,46;435,18;438,145;444,225;446,53;464,41;467,261;468,56;470,181;472,214;474,143;476,250;478,247;478,88;480,43;484,272;487,151;488,110;492,185;494,118;509,112;512,208;513,162;514,78;514,268;516,148;521,129;522,222;529,237;546,104;546,198;553,194;553,217;556,70;557,91;565,119;568,224;569,120;572,146;573,95;578,188;580,140;584,195;586,229;593,36;594,265;595,77;597,192;601,19;604,258;608,1;615,137;615,160;616,21;622,135;628,81;634,184;638,125;639,9;648,97;660,35;661,219;663,130;667,54;668,76;669,101;669,49;670,176;670,142;672,57;672,29;684,251;687,58;691,232;696,37;703,73;704,187;710,51;716,213;717,96;717,45;724,20;730,14;731,17;737,204;738,83;751,141;754,239;761,86;762,150;762,212;764,203;766,190;766,161;775,246;776,106;776,122;778,266;781,3;795,5;803,177;806,134;810,116;812,255;813,27;813,31;816,253;818,85;825,238;826,128;828,66;828,59;838,8;844,105;847,260;852,115;853,114;854,243;860,196;861,55;875,132;876,126;878,191;885,127;887,39;893,259;898,157;900,69;911,139;912,67;914,72;916,165;929,74;932,98;932,270;936,30;937,166;941,248;942,26;956,7;963,257;964,90;968,159;973,22;981,12;981,52;985,92;989,61;996,230;997,33;997,215;
2,15;5,88;6,168;8,147;13,151;30,34;37,174;41,8;46,112;66,94;75,39;77,42;87,144;91,56;98,82;101,98;105,5;105,57;111,169;116,140;119,130;122,106;127,14;131,61;133,129;149,16;158,118;160,95;160,122;172,72;177,178;181,71;189,12;221,70;224,38;227,55;232,104;244,150;252,113;256,60;265,43;266,123;267,47;270,46;274,121;279,81;281,53;296,170;300,128;310,173;323,143;325,67;331,152;334,65;335,9;348,68;354,126;376,159;387,160;391,28;391,37;400,21;415,86;416,134;416,145;416,171;417,3;425,107;446,6;446,36;454,155;468,79;470,29;470,135;477,25;477,125;480,41;484,31;489,17;490,27;491,96;496,108;503,59;507,119;508,50;514,91;514,164;526,0;529,172;531,175;534,69;543,66;546,22;551,13;556,30;557,133;565,111;570,142;573,101;573,114;575,179;576,131;581,11;581,158;588,120;589,74;595,105;599,4;603,83;604,181;605,165;606,92;606,162;609,48;613,44;616,137;620,26;640,62;641,132;649,58;653,110;677,89;678,33;687,2;695,87;701,103;706,1;714,115;717,124;719,76;724,166;727,18;729,77;743,139;745,93;752,141;755,177;759,85;761,78;761,154;765,156;786,149;792,116;792,146;794,163;804,102;804,161;805,52;813,73;819,180;824,97;825,117;831,35;833,127;846,167;848,24;852,49;860,19;861,23;861,138;861,157;875,136;882,10;897,90;897,153;899,40;904,51;908,54;909,64;911,80;911,148;922,63;925,75;926,84;931,20;934,100;947,176;979,109;980,32;988,7;992,99;996,45;
6,168;2,15;8,147;13,151;5,88;30,34;37,174;66,94;41,8;46,112;77,42;87,144;75,39;98,82;91,56;101,98;105,5;105,57;111,169;119,130;116,140;131,61;127,14;122,106;149,16;133,129;160,95;158,118;172,72;160,122;177,178;221,70;189,12;181,71;227,55;232,104;224,38;244,150;256,60;252,113;267,47;265,43;279,81;270,46;266,123;296,170;274,121;310,173;300,128;281,53;331,152;325,67;323,143;348,68;335,9;334,65;354,126;391,28;387,160;376,159;391,37;415,86;416,171;400,21;416,134;425,107;416,145;417,3;446,6;446,36;470,29;454,155;468,79;477,125;470,135;477,25;484,31;480,41;491,96;490,27;489,17;507,119;503,59;496,108;514,91;508,50;514,164;529,172;526,0;531,175;546,22;543,66;534,69;551,13;565,111;557,133;556,30;573,101;570,142;573,114;575,179;581,158;576,131;581,11;595,105;588,120;604,181;599,4;589,74;605,165;603,83;609,48;606,92;606,162;613,44;640,62;620,26;616,137;641,132;653,110;677,89;649,58;695,87;678,33;687,2;701,103;717,124;706,1;727,18;719,76;714,115;743,139;724,166;729,77;745,93;755,177;759,85;752,141;761,78;761,154;792,146;786,149;765,156;804,161;792,116;794,163;805,52;813,73;804,102;819,180;825,117;824,97;846,167;831,35;852,49;848,24;833,127;861,157;860,19;861,138;861,23;882,10;897,90;875,136;899,40;904,51;897,153;909,64;908,54;911,80;911,148;922,63;925,75;926,84;947,176;934,100;931,20;979,109;992,99;980,32;988,7;996,45;
5,88;2,15;6,168;8,147;30,34;13,151;37,174;75,39;41,8;105,5;46,112;105,57;66,94;111,169;77,42;131,61;87,144;133,129;91,56;160,95;98,82;181,71;101,98;227,55;116,140;252,113;119,130;265,43;122,106;266,123;127,14;267,47;149,16;274,121;158,118;279,81;160,122;281,53;172,72;310,173;177,178;323,143;189,12;325,67;221,70;334,65;224,38;335,9;232,104;376,159;244,150;391,37;256,60;400,21;270,46;416,145;296,170;416,171;300,128;417,3;331,152;425,107;348,68;454,155;354,126;468,79;387,160;470,29;391,28;470,135;415,86;477,25;416,134;477,125;446,6;480,41;446,36;484,31;491,96;489,17;496,108;490,27;508,50;503,59;514,164;507,119;526,0;514,91;529,172;531,175;543,66;534,69;546,22;551,13;556,30;557,133;570,142;565,111;573,114;573,101;581,158;575,179;588,120;576,131;589,74;581,11;599,4;595,105;606,92;603,83;606,162;604,181;609,48;605,165;613,44;616,137;620,26;677,89;640,62;678,33;641,132;695,87;649,58;701,103;653,110;706,1;687,2;714,115;717,124;729,77;719,76;743,139;724,166;745,93;727,18;752,141;761,78;755,177;761,154;759,85;765,156;786,149;792,116;794,163;792,146;804,161;804,102;813,73;805,52;824,97;819,180;825,117;848,24;831,35;861,138;833,127;875,136;846,167;882,10;852,49;897,90;860,19;899,40;861,23;908,54;861,157;909,64;897,153;911,80;904,51;911,148;922,63;926,84;925,75;931,20;979,109;934,100;988,7;947,176;992,99;980,32;996,45;
2,15;5,88;6,168;8,147;13,151;30,34;37,174;41,8;46,112;66,94;75,39;77,42;87,144;91,56;98,82;101,98;105,5;105,57;111,169;116,140;119,130;122,106;127,14;131,61;133,129;149,16;158,118;160,95;160,122;172,72;177,178;181,71;189,12;221,70;224,38;227,55;232,104;244,150;252,113;256,60;265,43;266,123;267,47;270,46;274,121;279,81;281,53;296,170;300,128;310,173;323,143;325,67;331,152;334,65;335,9;348,68;354,126;376,159;387,160;391,28;391,37;400,21;415,86;416,171;416,145;416,134;417,3;425,107;446,36;446,6;454,155;468,79;470,135;470,29;477,25;477,125;480,41;484,31;489,17;490,27;491,96;496,108;503,59;507,119;508,50;514,91;514,164;526,0;529,172;531,175;534,69;543,66;546,22;551,13;556,30;557,133;565,111;570,142;573,114;573,101;575,179;576,131;581,11;581,158;588,120;589,74;595,105;599,4;603,83;604,181;605,165;606,162;606,92;609,48;613,44;616,137;620,26;640,62;641,132;649,58;653,110;677,89;678,33;687,2;695,87;701,103;706,1;714,115;717,124;719,76;724,166;727,18;729,77;743,139;745,93;752,141;755,177;759,85;761,154;761,78;765,156;786,149;792,116;792,146;794,163;804,102;804,161;805,52;813,73;819,180;824,97;825,117;831,35;833,127;846,167;848,24;852,49;860,19;861,138;861,157;861,23;875,136;882,10;897,90;897,153;899,40;904,51;908,54;909,64;911,80;911,148;922,63;925,75;926,84;931,20;934,100;947,176;979,109;980,32;988,7;992,99;996,45;
Done
