Evan Olds, Cpt S 223 Instructor
11,5;25,6;186,12;205,0;240,2;270,4;330,1;352,13;464,14;486,10;522,8;616,7;662,11;754,9;815,3;
11,5;25,6;186,12;330,1;240,2;205,0;352,13;270,4;486,10;464,14;522,8;662,11;616,7;815,3;754,9;
25,6;11,5;186,12;330,1;205,0;352,13;240,2;616,7;270,4;662,11;464,14;754,9;486,10;815,3;522,8;
11,5;25,6;186,12;205,0;240,2;270,4;330,1;352,13;464,14;486,10;522,8;616,7;662,11;754,9;815,3;
11,5;25,6;186,12;205,0;240,2;270,4;330,1;352,13;464,14;486,10;522,8;616,7;662,11;754,9;815,3;
11,5;25,6;186,12;205,0;240,2;270,4;330,1;352,13;464,14;486,10;522,8;616,7;662,11;754,9;815,3;
186,12;25,6;11,5;205,0;270,4;240,2;330,1;616,7;522,8;754,9;486,10;662,11;464,14;352,13;815,3;
11,5;330,1;240,2;815,3;270,4;464,14;25,6;616,7;522,8;754,9;486,10;662,11;186,12;352,13;205,0;
205,0;330,1;240,2;352,13;270,4;11,5;25,6;464,14;522,8;186,12;486,10;616,7;754,9;815,3;662,11;
205,0;330,1;240,2;352,13;270,4;11,5;25,6;186,12;464,14;754,9;486,10;662,11;616,7;815,3;522,8;
1,35;7,59;42,72;43,61;43,75;45,69;55,78;62,70;72,52;81,93;90,11;133,1;136,37;151,47;159,6;160,43;172,15;175,44;176,0;192,87;222,64;229,76;230,30;238,5;253,50;281,12;283,2;294,34;296,24;305,100;316,8;316,58;370,84;371,98;373,39;398,17;410,80;414,19;414,66;431,83;434,88;443,7;461,89;479,60;487,3;497,26;498,65;499,67;502,31;506,85;509,38;522,42;528,62;539,49;550,94;604,95;612,57;613,77;615,99;619,41;638,96;641,18;641,46;651,68;656,13;670,36;673,23;685,25;703,21;703,82;704,33;721,91;723,45;726,9;729,81;743,92;769,54;791,63;794,73;797,56;804,86;816,55;831,79;837,74;846,28;853,53;858,97;864,16;868,29;886,4;890,32;896,10;896,51;933,40;934,14;954,71;956,20;970,22;986,90;990,48;995,27;
1,35;43,75;42,72;7,59;45,69;43,61;55,78;72,52;133,1;62,70;81,93;136,37;90,11;159,6;151,47;160,43;176,0;172,15;175,44;192,87;229,76;222,64;230,30;281,12;253,50;238,5;294,34;283,2;305,100;296,24;371,98;316,8;316,58;373,39;370,84;398,17;414,19;434,88;410,80;431,83;443,7;414,66;479,60;461,89;497,26;487,3;502,31;499,67;498,65;509,38;506,85;528,62;522,42;550,94;539,49;615,99;604,95;612,57;619,41;613,77;641,46;638,96;651,68;641,18;656,13;670,36;673,23;703,82;685,25;721,91;703,21;704,33;729,81;726,9;723,45;743,92;794,73;791,63;769,54;804,86;797,56;816,55;831,79;853,53;837,74;868,29;858,97;846,28;886,4;864,16;890,32;896,10;896,51;934,14;933,40;954,71;956,20;990,48;986,90;970,22;995,27;
42,72;1,35;55,78;7,59;62,70;43,61;72,52;43,75;159,6;45,69;175,44;81,93;176,0;90,11;222,64;133,1;229,76;136,37;230,30;151,47;253,50;160,43;281,12;172,15;283,2;192,87;294,34;238,5;296,24;373,39;305,100;398,17;316,8;414,19;316,58;431,83;370,84;443,7;371,98;461,89;410,80;487,3;414,66;498,65;434,88;499,67;479,60;502,31;497,26;506,85;509,38;539,49;522,42;604,95;528,62;612,57;550,94;613,77;638,96;615,99;641,18;619,41;641,46;656,13;651,68;673,23;670,36;685,25;703,82;703,21;743,92;704,33;769,54;721,91;797,56;723,45;804,86;726,9;837,74;729,81;846,28;791,63;864,16;794,73;886,4;816,55;890,32;831,79;896,10;853,53;933,40;858,97;934,14;868,29;956,20;896,51;970,22;954,71;986,90;995,27;990,48;
1,35;7,59;42,72;43,61;43,75;45,69;55,78;62,70;72,52;81,93;90,11;133,1;136,37;151,47;159,6;160,43;172,15;175,44;176,0;192,87;222,64;229,76;230,30;238,5;253,50;281,12;283,2;294,34;296,24;305,100;316,8;316,58;370,84;371,98;373,39;398,17;410,80;414,19;414,66;431,83;434,88;443,7;461,89;479,60;487,3;497,26;498,65;499,67;502,31;506,85;509,38;522,42;528,62;539,49;550,94;604,95;612,57;613,77;615,99;619,41;638,96;641,46;641,18;651,68;656,13;670,36;673,23;685,25;703,82;703,21;704,33;721,91;723,45;726,9;729,81;743,92;769,54;791,63;794,73;797,56;804,86;816,55;831,79;837,74;846,28;853,53;858,97;864,16;868,29;886,4;890,32;896,51;896,10;933,40;934,14;954,71;956,20;970,22;986,90;990,48;995,27;
1,35;7,59;42,72;43,61;43,75;45,69;55,78;62,70;72,52;81,93;90,11;133,1;136,37;151,47;159,6;160,43;172,15;175,44;176,0;192,87;222,64;229,76;230,30;238,5;253,50;281,12;283,2;294,34;296,24;305,100;316,8;316,58;370,84;371,98;373,39;398,17;410,80;414,19;414,66;431,83;434,88;443,7;461,89;479,60;487,3;497,26;498,65;499,67;502,31;506,85;509,38;522,42;528,62;539,49;550,94;604,95;612,57;613,77;615,99;619,41;638,96;641,18;641,46;651,68;656,13;670,36;673,23;685,25;703,21;703,82;704,33;721,91;723,45;726,9;729,81;743,92;769,54;791,63;794,73;797,56;804,86;816,55;831,79;837,74;846,28;853,53;858,97;864,16;868,29;886,4;890,32;896,10;896,51;933,40;934,14;954,71;956,20;970,22;986,90;990,48;995,27;
1,35;7,59;42,72;43,75;43,61;45,69;55,78;62,70;72,52;81,93;90,11;133,1;136,37;151,47;159,6;160,43;172,15;175,44;176,0;192,87;222,64;229,76;230,30;238,5;253,50;281,12;283,2;294,34;296,24;305,100;316,58;316,8;370,84;371,98;373,39;398,17;410,80;414,19;414,66;431,83;434,88;443,7;461,89;479,60;487,3;497,26;498,65;499,67;502,31;506,85;509,38;522,42;528,62;539,49;550,94;604,95;612,57;613,77;615,99;619,41;638,96;641,46;641,18;651,68;656,13;670,36;673,23;685,25;703,82;703,21;704,33;721,91;723,45;726,9;729,81;743,92;769,54;791,63;794,73;797,56;804,86;816,55;831,79;837,74;846,28;853,53;858,97;864,16;868,29;886,4;890,32;896,51;896,10;933,40;934,14;954,71;956,20;970,22;986,90;990,48;995,27;
81,93;133,1;55,78;43,75;42,72;62,70;159,6;45,69;43,61;7,59;72,52;90,11;151,47;175,44;160,43;172,15;136,37;1,35;176,0;414,19;956,20;703,21;970,22;673,23;296,24;685,25;497,26;995,27;846,28;868,29;230,30;502,31;890,32;704,33;294,34;398,17;670,36;864,16;509,38;373,39;933,40;619,41;522,42;934,14;656,13;723,45;641,46;281,12;990,48;539,49;253,50;896,51;896,10;853,53;769,54;816,55;797,56;612,57;316,58;726,9;479,60;316,8;528,62;791,63;222,64;498,65;414,66;499,67;651,68;443,7;238,5;954,71;886,4;794,73;837,74;487,3;229,76;613,77;283,2;831,79;410,80;729,81;703,82;431,83;370,84;506,85;804,86;192,87;434,88;461,89;986,90;721,91;743,92;305,100;550,94;604,95;638,96;858,97;371,98;615,99;641,18;
176,0;133,1;283,2;487,3;615,99;238,5;159,6;443,7;316,8;371,98;638,96;90,11;281,12;656,13;604,95;172,15;550,94;398,17;641,18;414,19;81,93;703,21;461,89;673,23;296,24;685,25;497,26;434,88;192,87;506,85;230,30;502,31;370,84;305,100;294,34;1,35;670,36;136,37;509,38;373,39;431,83;619,41;522,42;160,43;175,44;703,82;641,46;151,47;410,80;539,49;253,50;55,78;72,52;613,77;229,76;43,75;42,72;612,57;316,58;7,59;479,60;43,61;528,62;62,70;222,64;498,65;414,66;499,67;651,68;45,69;704,33;954,71;797,56;794,73;837,74;816,55;769,54;853,53;896,51;831,79;990,48;729,81;723,45;933,40;890,32;868,29;804,86;846,28;995,27;970,22;986,90;721,91;743,92;956,20;864,16;934,14;896,10;858,97;726,9;886,4;791,63;
176,0;133,1;81,93;192,87;55,78;238,5;159,6;229,76;43,75;42,72;62,70;90,11;45,69;222,64;43,61;172,15;7,59;72,52;151,47;175,44;160,43;136,37;1,35;230,30;253,50;685,25;497,26;995,27;846,28;868,29;673,23;502,31;890,32;704,33;294,34;970,22;670,36;703,21;509,38;373,39;933,40;619,41;522,42;956,20;414,19;723,45;641,46;641,18;990,48;539,49;305,100;896,51;398,17;853,53;769,54;816,55;797,56;612,57;316,58;864,16;479,60;934,14;528,62;791,63;656,13;498,65;414,66;499,67;651,68;281,12;896,10;954,71;726,9;794,73;837,74;316,8;443,7;613,77;886,4;831,79;410,80;729,81;703,82;431,83;370,84;506,85;804,86;487,3;434,88;461,89;986,90;721,91;743,92;283,2;550,94;604,95;638,96;858,97;371,98;615,99;296,24;
176,0;133,1;283,2;81,93;192,87;238,5;159,6;55,78;229,76;43,75;42,72;90,11;281,12;62,70;45,69;172,15;222,64;43,61;7,59;72,52;253,50;151,47;175,44;160,43;296,24;136,37;1,35;294,34;230,30;305,100;846,28;502,31;890,32;704,33;995,27;497,26;670,36;685,25;509,38;373,39;933,40;619,41;522,42;673,23;970,22;723,45;641,46;703,21;990,48;539,49;956,20;896,51;414,19;853,53;769,54;816,55;797,56;612,57;316,58;641,18;479,60;398,17;528,62;791,63;864,16;498,65;414,66;499,67;651,68;934,14;656,13;954,71;896,10;794,73;837,74;726,9;316,8;613,77;443,7;831,79;410,80;729,81;703,82;431,83;370,84;506,85;804,86;886,4;434,88;461,89;986,90;721,91;743,92;487,3;550,94;604,95;638,96;858,97;371,98;615,99;868,29;
1,97;2,40;7,177;13,55;13,85;19,239;23,121;27,49;39,193;50,117;52,84;59,252;70,119;73,215;73,225;77,208;83,71;85,143;89,184;90,65;90,264;90,267;94,76;94,266;95,255;112,153;115,135;116,204;117,124;119,259;122,75;124,199;124,237;133,21;136,115;137,175;139,39;140,67;142,185;145,1;149,48;150,151;152,17;158,50;159,25;165,38;168,72;181,37;185,30;189,77;194,156;195,22;195,188;196,15;205,100;209,180;213,4;221,46;221,140;228,233;229,186;235,120;237,98;239,8;243,261;246,222;253,209;254,24;259,69;263,27;267,213;269,210;273,99;277,154;289,169;290,111;291,35;293,10;294,243;296,5;297,34;297,81;314,112;318,128;322,83;327,242;328,56;331,36;338,257;340,51;342,125;349,249;350,263;353,79;356,41;371,134;399,207;401,157;404,231;405,16;407,223;408,70;413,45;413,52;420,103;422,126;424,122;424,250;429,182;439,241;450,191;455,236;457,0;457,107;458,152;459,136;463,174;469,148;470,201;472,93;477,155;479,205;482,58;487,6;487,63;500,270;504,190;508,221;513,216;519,64;524,131;528,197;529,171;530,62;530,138;531,73;531,244;532,195;534,203;535,108;539,265;546,89;547,74;550,90;551,20;558,118;559,260;568,43;577,92;577,170;583,139;588,232;589,68;591,219;592,133;595,149;596,28;598,53;599,230;600,57;615,240;618,94;620,78;621,137;623,158;624,192;625,271;626,163;628,161;628,189;640,234;642,256;645,167;646,88;647,33;649,251;654,181;654,198;658,42;659,106;660,54;673,220;674,130;675,226;676,258;689,19;692,179;692,272;702,254;709,59;711,194;715,235;716,229;725,165;729,245;732,104;737,3;737,173;743,7;744,14;745,178;749,123;751,147;757,132;766,176;768,101;771,116;774,87;774,187;775,9;775,11;776,29;776,211;779,246;782,47;782,96;784,248;785,238;786,91;786,142;789,80;791,196;796,269;797,141;798,159;799,60;808,172;810,13;811,109;816,183;817,164;821,26;833,18;834,110;846,82;848,253;856,160;859,200;863,202;863,247;866,113;878,114;879,86;887,66;890,31;894,146;907,23;911,218;913,145;914,150;915,206;916,214;919,228;924,162;924,212;926,224;928,44;933,127;943,102;947,61;950,32;950,95;956,262;961,12;961,105;967,217;968,268;973,168;982,2;985,144;994,166;994,227;996,129;
2,40;1,97;7,177;13,55;23,121;19,239;13,85;50,117;27,49;39,193;73,225;59,252;52,84;73,215;70,119;89,184;77,208;83,71;90,65;85,143;90,264;90,267;94,266;95,255;94,76;112,153;116,204;117,124;115,135;119,259;122,75;133,21;124,237;137,175;136,115;124,199;140,67;139,39;145,1;142,185;150,151;149,48;158,50;152,17;165,38;159,25;185,30;168,72;189,77;195,22;181,37;194,156;196,15;195,188;209,180;205,100;213,4;228,233;221,140;221,46;229,186;235,120;239,8;237,98;243,261;253,209;246,222;259,69;254,24;263,27;273,99;267,213;269,210;277,154;289,169;293,10;291,35;290,111;296,5;294,243;297,81;297,34;322,83;314,112;328,56;327,242;318,128;331,36;340,51;342,125;338,257;350,263;349,249;371,134;356,41;353,79;399,207;404,231;401,157;405,16;413,45;407,223;408,70;422,126;413,52;424,250;424,122;420,103;450,191;429,182;439,241;455,236;457,107;458,152;457,0;463,174;459,136;469,148;470,201;472,93;479,205;477,155;487,63;482,58;500,270;487,6;508,221;504,190;513,216;528,197;524,131;519,64;529,171;531,244;530,138;530,62;531,73;534,203;546,89;532,195;539,265;547,74;535,108;551,20;550,90;568,43;559,260;558,118;577,170;577,92;588,232;583,139;591,219;589,68;592,133;596,28;595,149;615,240;599,230;598,53;618,94;600,57;621,137;620,78;624,192;623,158;625,271;628,189;626,163;640,234;628,161;645,167;642,256;646,88;649,251;647,33;654,198;654,181;658,42;660,54;659,106;674,130;673,220;675,226;676,258;692,272;689,19;702,254;692,179;709,59;711,194;729,245;715,235;716,229;732,104;725,165;737,3;737,173;743,7;749,123;744,14;757,132;751,147;745,178;766,176;768,101;774,187;771,116;775,11;774,87;775,9;776,211;776,29;779,246;784,248;782,96;785,238;786,142;782,47;786,91;791,196;789,80;796,269;797,141;808,172;798,159;810,13;811,109;799,60;816,183;817,164;833,18;821,26;834,110;848,253;856,160;846,82;859,200;863,202;863,247;878,114;866,113;879,86;887,66;890,31;894,146;907,23;911,218;913,145;915,206;916,214;914,150;924,212;919,228;926,224;924,162;947,61;933,127;928,44;950,32;943,102;961,105;956,262;950,95;967,217;961,12;973,168;968,268;982,2;994,227;985,144;994,166;996,129;
2,40;1,97;52,84;7,177;59,252;13,55;77,208;13,85;89,184;19,239;90,264;23,121;94,76;27,49;94,266;39,193;116,204;50,117;117,124;70,119;149,48;73,215;158,50;73,225;165,38;83,71;168,72;85,143;185,30;90,65;194,156;90,267;195,22;95,255;195,188;112,153;205,100;115,135;209,180;119,259;213,4;122,75;221,46;124,199;221,140;124,237;229,186;133,21;235,120;136,115;237,98;137,175;239,8;139,39;246,222;140,67;254,24;142,185;269,210;145,1;277,154;150,151;293,10;152,17;297,34;159,25;314,112;181,37;318,128;189,77;327,242;196,15;328,56;228,233;331,36;243,261;371,134;253,209;405,16;259,69;408,70;263,27;413,52;267,213;422,126;273,99;424,122;289,169;424,250;290,111;429,182;291,35;455,236;294,243;457,0;296,5;458,152;297,81;459,136;322,83;463,174;338,257;469,148;340,51;482,58;342,125;487,6;349,249;500,270;350,263;504,190;353,79;513,216;356,41;519,64;399,207;530,62;401,157;530,138;404,231;531,244;407,223;535,108;413,45;547,74;420,103;550,90;439,241;551,20;450,191;558,118;457,107;559,260;470,201;577,92;472,93;577,170;477,155;588,232;479,205;589,68;487,63;596,28;508,221;599,230;524,131;615,240;528,197;618,94;529,171;620,78;531,73;623,158;532,195;624,192;534,203;640,234;539,265;642,256;546,89;646,88;568,43;654,198;583,139;658,42;591,219;659,106;592,133;660,54;595,149;673,220;598,53;674,130;600,57;675,226;621,137;676,258;625,271;692,272;626,163;702,254;628,161;711,194;628,189;732,104;645,167;744,14;647,33;745,178;649,251;757,132;654,181;766,176;689,19;771,116;692,179;779,246;709,59;782,96;715,235;784,248;716,229;785,238;725,165;786,142;729,245;789,80;737,3;791,196;737,173;799,60;743,7;808,172;749,123;817,164;751,147;821,26;768,101;833,18;774,87;834,110;774,187;846,82;775,9;856,160;775,11;859,200;776,29;863,202;776,211;878,114;782,47;879,86;786,91;887,66;796,269;894,146;797,141;911,218;798,159;914,150;810,13;915,206;811,109;916,214;816,183;919,228;848,253;924,162;863,247;924,212;866,113;926,224;890,31;928,44;907,23;943,102;913,145;950,32;933,127;956,262;947,61;961,12;950,95;968,268;961,105;973,168;967,217;982,2;994,227;985,144;996,129;994,166;
1,97;2,40;7,177;13,55;13,85;19,239;23,121;27,49;39,193;50,117;52,84;59,252;70,119;73,215;73,225;77,208;83,71;85,143;89,184;90,264;90,65;90,267;94,266;94,76;95,255;112,153;115,135;116,204;117,124;119,259;122,75;124,237;124,199;133,21;136,115;137,175;139,39;140,67;142,185;145,1;149,48;150,151;152,17;158,50;159,25;165,38;168,72;181,37;185,30;189,77;194,156;195,188;195,22;196,15;205,100;209,180;213,4;221,140;221,46;228,233;229,186;235,120;237,98;239,8;243,261;246,222;253,209;254,24;259,69;263,27;267,213;269,210;273,99;277,154;289,169;290,111;291,35;293,10;294,243;296,5;297,34;297,81;314,112;318,128;322,83;327,242;328,56;331,36;338,257;340,51;342,125;349,249;350,263;353,79;356,41;371,134;399,207;401,157;404,231;405,16;407,223;408,70;413,52;413,45;420,103;422,126;424,122;424,250;429,182;439,241;450,191;455,236;457,107;457,0;458,152;459,136;463,174;469,148;470,201;472,93;477,155;479,205;482,58;487,6;487,63;500,270;504,190;508,221;513,216;519,64;524,131;528,197;529,171;530,62;530,138;531,73;531,244;532,195;534,203;535,108;539,265;546,89;547,74;550,90;551,20;558,118;559,260;568,43;577,92;577,170;583,139;588,232;589,68;591,219;592,133;595,149;596,28;598,53;599,230;600,57;615,240;618,94;620,78;621,137;623,158;624,192;625,271;626,163;628,161;628,189;640,234;642,256;645,167;646,88;647,33;649,251;654,181;654,198;658,42;659,106;660,54;673,220;674,130;675,226;676,258;689,19;692,272;692,179;702,254;709,59;711,194;715,235;716,229;725,165;729,245;732,104;737,173;737,3;743,7;744,14;745,178;749,123;751,147;757,132;766,176;768,101;771,116;774,187;774,87;775,11;775,9;776,211;776,29;779,246;782,47;782,96;784,248;785,238;786,91;786,142;789,80;791,196;796,269;797,141;798,159;799,60;808,172;810,13;811,109;816,183;817,164;821,26;833,18;834,110;846,82;848,253;856,160;859,200;863,202;863,247;866,113;878,114;879,86;887,66;890,31;894,146;907,23;911,218;913,145;914,150;915,206;916,214;919,228;924,162;924,212;926,224;928,44;933,127;943,102;947,61;950,32;950,95;956,262;961,12;961,105;967,217;968,268;973,168;982,2;985,144;994,166;994,227;996,129;
1,97;2,40;7,177;13,55;13,85;19,239;23,121;27,49;39,193;50,117;52,84;59,252;70,119;73,215;73,225;77,208;83,71;85,143;89,184;90,65;90,264;90,267;94,76;94,266;95,255;112,153;115,135;116,204;117,124;119,259;122,75;124,199;124,237;133,21;136,115;137,175;139,39;140,67;142,185;145,1;149,48;150,151;152,17;158,50;159,25;165,38;168,72;181,37;185,30;189,77;194,156;195,22;195,188;196,15;205,100;209,180;213,4;221,46;221,140;228,233;229,186;235,120;237,98;239,8;243,261;246,222;253,209;254,24;259,69;263,27;267,213;269,210;273,99;277,154;289,169;290,111;291,35;293,10;294,243;296,5;297,34;297,81;314,112;318,128;322,83;327,242;328,56;331,36;338,257;340,51;342,125;349,249;350,263;353,79;356,41;371,134;399,207;401,157;404,231;405,16;407,223;408,70;413,45;413,52;420,103;422,126;424,122;424,250;429,182;439,241;450,191;455,236;457,0;457,107;458,152;459,136;463,174;469,148;470,201;472,93;477,155;479,205;482,58;487,6;487,63;500,270;504,190;508,221;513,216;519,64;524,131;528,197;529,171;530,62;530,138;531,73;531,244;532,195;534,203;535,108;539,265;546,89;547,74;550,90;551,20;558,118;559,260;568,43;577,92;577,170;583,139;588,232;589,68;591,219;592,133;595,149;596,28;598,53;599,230;600,57;615,240;618,94;620,78;621,137;623,158;624,192;625,271;626,163;628,161;628,189;640,234;642,256;645,167;646,88;647,33;649,251;654,181;654,198;658,42;659,106;660,54;673,220;674,130;675,226;676,258;689,19;692,179;692,272;702,254;709,59;711,194;715,235;716,229;725,165;729,245;732,104;737,3;737,173;743,7;744,14;745,178;749,123;751,147;757,132;766,176;768,101;771,116;774,87;774,187;775,9;775,11;776,29;776,211;779,246;782,47;782,96;784,248;785,238;786,91;786,142;789,80;791,196;796,269;797,141;798,159;799,60;808,172;810,13;811,109;816,183;817,164;821,26;833,18;834,110;846,82;848,253;856,160;859,200;863,202;863,247;866,113;878,114;879,86;887,66;890,31;894,146;907,23;911,218;913,145;914,150;915,206;916,214;919,228;924,162;924,212;926,224;928,44;933,127;943,102;947,61;950,32;950,95;956,262;961,12;961,105;967,217;968,268;973,168;982,2;985,144;994,166;994,227;996,129;
1,97;2,40;7,177;13,85;13,55;19,239;23,121;27,49;39,193;50,117;52,84;59,252;70,119;73,215;73,225;77,208;83,71;85,143;89,184;90,267;90,264;90,65;94,266;94,76;95,255;112,153;115,135;116,204;117,124;119,259;122,75;124,237;124,199;133,21;136,115;137,175;139,39;140,67;142,185;145,1;149,48;150,151;152,17;158,50;159,25;165,38;168,72;181,37;185,30;189,77;194,156;195,22;195,188;196,15;205,100;209,180;213,4;221,140;221,46;228,233;229,186;235,120;237,98;239,8;243,261;246,222;253,209;254,24;259,69;263,27;267,213;269,210;273,99;277,154;289,169;290,111;291,35;293,10;294,243;296,5;297,34;297,81;314,112;318,128;322,83;327,242;328,56;331,36;338,257;340,51;342,125;349,249;350,263;353,79;356,41;371,134;399,207;401,157;404,231;405,16;407,223;408,70;413,52;413,45;420,103;422,126;424,250;424,122;429,182;439,241;450,191;455,236;457,107;457,0;458,152;459,136;463,174;469,148;470,201;472,93;477,155;479,205;482,58;487,63;487,6;500,270;504,190;508,221;513,216;519,64;524,131;528,197;529,171;530,62;530,138;531,244;531,73;532,195;534,203;535,108;539,265;546,89;547,74;550,90;551,20;558,118;559,260;568,43;577,92;577,170;583,139;588,232;589,68;591,219;592,133;595,149;596,28;598,53;599,230;600,57;615,240;618,94;620,78;621,137;623,158;624,192;625,271;626,163;628,189;628,161;640,234;642,256;645,167;646,88;647,33;649,251;654,181;654,198;658,42;659,106;660,54;673,220;674,130;675,226;676,258;689,19;692,179;692,272;702,254;709,59;711,194;715,235;716,229;725,165;729,245;732,104;737,3;737,173;743,7;744,14;745,178;749,123;751,147;757,132;766,176;768,101;771,116;774,87;774,187;775,9;775,11;776,211;776,29;779,246;782,47;782,96;784,248;785,238;786,91;786,142;789,80;791,196;796,269;797,141;798,159;799,60;808,172;810,13;811,109;816,183;817,164;821,26;833,18;834,110;846,82;848,253;856,160;859,200;863,247;863,202;866,113;878,114;879,86;887,66;890,31;894,146;907,23;911,218;913,145;914,150;915,206;916,214;919,228;924,212;924,162;926,224;928,44;933,127;943,102;947,61;950,95;950,32;956,262;961,105;961,12;967,217;968,268;973,168;982,2;985,144;994,227;994,166;996,129;
90,267;145,1;94,266;90,264;213,4;296,5;350,263;243,261;239,8;119,259;293,10;338,257;95,255;59,252;424,250;196,15;405,16;152,17;349,249;294,243;327,242;133,21;195,22;439,241;254,24;159,25;19,239;263,27;124,237;455,236;185,30;228,233;404,231;73,225;297,34;291,35;331,36;181,37;165,38;139,39;2,40;356,41;407,223;246,222;73,215;413,45;221,46;267,213;149,48;27,49;158,50;340,51;413,52;269,210;253,209;13,55;328,56;77,208;399,207;116,204;124,199;39,193;450,191;195,188;229,186;90,65;142,185;140,67;89,184;259,69;408,70;83,71;168,72;429,182;209,180;122,75;94,76;189,77;7,177;353,79;137,175;297,81;289,169;322,83;52,84;13,85;401,157;194,156;277,154;112,153;150,151;85,143;221,140;115,135;371,134;318,128;422,126;1,97;237,98;273,99;205,100;342,125;117,124;420,103;424,122;23,121;235,120;457,107;70,119;50,117;136,115;290,111;314,112;457,0;878,114;834,110;771,116;811,109;558,118;535,108;659,106;961,105;732,104;749,123;943,102;768,101;782,96;933,127;950,95;996,129;674,130;524,131;757,132;592,133;618,94;472,93;459,136;621,137;530,138;583,139;577,92;797,141;786,142;786,91;985,144;913,145;894,146;751,147;469,148;595,149;914,150;550,90;458,152;546,89;646,88;477,155;774,87;879,86;623,158;798,159;856,160;628,161;924,162;626,163;817,164;725,165;994,166;645,167;973,168;846,82;577,170;529,171;808,172;737,173;463,174;789,80;766,176;620,78;745,178;692,179;547,74;654,181;531,73;816,183;589,68;887,66;519,64;774,187;487,63;628,189;504,190;530,62;624,192;947,61;711,194;532,195;791,196;528,197;654,198;799,60;859,200;470,201;863,202;534,203;709,59;479,205;915,206;482,58;600,57;660,54;598,53;776,211;924,212;782,47;916,214;928,44;513,216;967,217;911,218;591,219;673,220;508,221;568,43;658,42;926,224;647,33;675,226;994,227;919,228;716,229;599,230;950,32;588,232;890,31;640,234;715,235;776,29;596,28;785,238;821,26;615,240;907,23;551,20;689,19;531,244;729,245;779,246;863,247;784,248;833,18;744,14;649,251;810,13;848,253;702,254;961,12;642,256;775,11;676,258;775,9;559,260;743,7;956,262;487,6;737,3;539,265;982,2;692,272;968,268;796,269;500,270;625,271;866,113;
457,0;145,1;625,271;737,3;213,4;296,5;487,6;743,7;239,8;775,9;293,10;775,11;500,270;90,267;744,14;196,15;405,16;152,17;94,266;689,19;551,20;133,21;195,22;539,265;254,24;159,25;90,264;263,27;596,28;776,29;185,30;350,263;243,261;647,33;297,34;291,35;331,36;181,37;165,38;139,39;2,40;356,41;658,42;568,43;559,260;413,45;221,46;782,47;149,48;27,49;158,50;340,51;413,52;598,53;660,54;13,55;328,56;600,57;482,58;709,59;119,259;676,258;530,62;487,63;519,64;90,65;338,257;140,67;589,68;259,69;408,70;83,71;168,72;531,73;547,74;122,75;94,76;189,77;620,78;353,79;642,256;297,81;95,255;322,83;52,84;13,85;702,254;774,87;646,88;546,89;550,90;692,272;577,92;472,93;618,94;59,252;782,96;1,97;237,98;273,99;205,100;768,101;649,251;420,103;732,104;424,250;659,106;457,107;535,108;349,249;784,248;290,111;314,112;779,246;729,245;136,115;771,116;50,117;558,118;70,119;235,120;23,121;424,122;749,123;117,124;342,125;422,126;531,244;318,128;294,243;674,130;524,131;757,132;592,133;371,134;115,135;459,136;621,137;530,138;583,139;221,140;327,242;786,142;85,143;439,241;615,240;19,239;751,147;469,148;595,149;785,238;150,151;458,152;112,153;277,154;477,155;194,156;401,157;623,158;124,237;455,236;628,161;715,235;626,163;640,234;725,165;228,233;645,167;588,232;289,169;577,170;529,171;404,231;737,173;463,174;137,175;766,176;7,177;745,178;692,179;209,180;654,181;429,182;599,230;89,184;142,185;229,186;774,187;195,188;628,189;504,190;450,191;624,192;39,193;711,194;532,195;716,229;528,197;654,198;124,199;675,226;470,201;73,225;534,203;116,204;479,205;407,223;399,207;77,208;253,209;269,210;776,211;246,222;267,213;508,221;73,215;513,216;673,220;591,219;786,91;967,217;916,214;924,212;915,206;926,224;863,202;859,200;994,227;919,228;791,196;816,183;808,172;973,168;994,166;817,164;924,162;856,160;798,159;914,150;894,146;913,145;985,144;797,141;996,129;933,127;878,114;866,113;863,247;834,110;811,109;961,105;943,102;950,95;848,253;879,86;846,82;789,80;887,66;947,61;799,60;928,44;950,32;956,262;890,31;821,26;907,23;833,18;810,13;968,268;796,269;961,12;982,2;911,218;
457,0;145,1;90,267;94,266;213,4;296,5;90,264;350,263;239,8;243,261;293,10;119,259;338,257;95,255;59,252;196,15;405,16;152,17;424,250;349,249;294,243;133,21;195,22;327,242;254,24;159,25;439,241;263,27;19,239;124,237;185,30;455,236;228,233;404,231;297,34;291,35;331,36;181,37;165,38;139,39;2,40;356,41;73,225;407,223;246,222;413,45;221,46;73,215;149,48;27,49;158,50;340,51;413,52;267,213;269,210;13,55;328,56;253,209;77,208;399,207;116,204;124,199;39,193;450,191;195,188;90,65;229,186;140,67;142,185;259,69;408,70;83,71;168,72;89,184;429,182;122,75;94,76;189,77;209,180;353,79;7,177;297,81;137,175;322,83;52,84;13,85;289,169;401,157;194,156;277,154;112,153;458,152;150,151;85,143;221,140;115,135;371,134;1,97;237,98;273,99;205,100;318,128;422,126;420,103;342,125;117,124;424,122;457,107;23,121;235,120;70,119;290,111;314,112;50,117;136,115;459,136;771,116;866,113;558,118;834,110;811,109;535,108;659,106;749,123;961,105;732,104;943,102;933,127;768,101;996,129;674,130;524,131;757,132;592,133;782,96;950,95;692,272;621,137;530,138;583,139;618,94;797,141;786,142;472,93;985,144;913,145;894,146;751,147;469,148;595,149;914,150;577,92;786,91;550,90;546,89;477,155;646,88;774,87;623,158;798,159;856,160;628,161;924,162;626,163;817,164;725,165;994,166;645,167;973,168;879,86;577,170;529,171;808,172;737,173;463,174;846,82;766,176;789,80;745,178;692,179;620,78;654,181;547,74;816,183;531,73;589,68;887,66;774,187;519,64;628,189;504,190;487,63;624,192;530,62;711,194;532,195;791,196;528,197;654,198;947,61;859,200;470,201;863,202;534,203;799,60;479,205;915,206;709,59;482,58;600,57;660,54;776,211;924,212;598,53;916,214;782,47;513,216;967,217;911,218;591,219;673,220;508,221;928,44;568,43;926,224;658,42;675,226;994,227;919,228;716,229;599,230;647,33;588,232;950,32;640,234;715,235;890,31;776,29;785,238;596,28;615,240;821,26;907,23;551,20;531,244;729,245;779,246;863,247;784,248;689,19;833,18;649,251;744,14;848,253;702,254;810,13;642,256;961,12;676,258;775,11;559,260;775,9;956,262;743,7;487,6;539,265;737,3;982,2;968,268;796,269;500,270;625,271;878,114;
457,0;145,1;625,271;500,270;213,4;296,5;487,6;90,267;239,8;94,266;293,10;539,265;90,264;350,263;243,261;196,15;405,16;152,17;559,260;689,19;551,20;133,21;195,22;119,259;254,24;159,25;676,258;263,27;596,28;338,257;185,30;642,256;95,255;647,33;297,34;291,35;331,36;181,37;165,38;139,39;2,40;356,41;658,42;568,43;59,252;413,45;221,46;649,251;149,48;27,49;158,50;340,51;413,52;598,53;660,54;13,55;328,56;600,57;482,58;424,250;349,249;531,244;530,62;487,63;519,64;90,65;294,243;140,67;589,68;259,69;408,70;83,71;168,72;531,73;547,74;122,75;94,76;189,77;620,78;353,79;327,242;297,81;439,241;322,83;52,84;13,85;615,240;19,239;646,88;546,89;550,90;124,237;577,92;472,93;618,94;455,236;640,234;1,97;237,98;273,99;205,100;228,233;588,232;420,103;404,231;599,230;659,106;457,107;535,108;675,226;73,225;290,111;314,112;407,223;246,222;136,115;508,221;50,117;558,118;70,119;235,120;23,121;424,122;673,220;117,124;342,125;422,126;591,219;318,128;513,216;674,130;524,131;73,215;592,133;371,134;115,135;459,136;621,137;530,138;583,139;221,140;267,213;269,210;85,143;253,209;77,208;399,207;479,205;469,148;595,149;116,204;150,151;458,152;112,153;277,154;477,155;194,156;401,157;623,158;534,203;470,201;628,161;124,199;626,163;654,198;528,197;532,195;645,167;39,193;289,169;577,170;529,171;624,192;450,191;463,174;137,175;504,190;7,177;628,189;692,179;209,180;654,181;429,182;195,188;89,184;142,185;229,186;692,272;816,183;745,178;766,176;737,173;808,172;973,168;711,194;994,166;791,196;725,165;817,164;924,162;859,200;856,160;863,202;798,159;914,150;751,147;915,206;894,146;913,145;985,144;786,142;776,211;924,212;797,141;916,214;757,132;996,129;967,217;911,218;933,127;749,123;771,116;878,114;866,113;926,224;834,110;811,109;994,227;919,228;716,229;961,105;732,104;943,102;768,101;782,96;715,235;950,95;786,91;785,238;774,87;879,86;846,82;789,80;887,66;947,61;729,245;779,246;863,247;784,248;799,60;709,59;782,47;928,44;848,253;702,254;950,32;890,31;776,29;821,26;907,23;833,18;744,14;956,262;810,13;961,12;775,11;775,9;743,7;968,268;796,269;737,3;982,2;774,187;
5,49;8,143;21,146;24,35;33,25;34,48;35,66;43,28;48,175;54,140;62,34;63,153;65,15;68,165;76,67;79,122;82,27;87,168;93,11;95,176;97,170;98,113;99,57;105,181;125,16;127,123;134,136;139,24;140,82;147,62;153,169;155,147;160,75;170,41;170,53;174,104;178,6;181,149;181,157;183,69;194,164;199,2;200,92;204,50;213,61;219,154;222,177;236,127;238,46;240,139;246,114;251,107;258,26;261,151;265,40;275,19;276,55;291,118;294,167;301,68;302,121;314,150;317,36;318,159;331,0;341,162;342,115;348,111;350,161;354,65;358,171;373,8;386,145;403,43;424,7;424,106;434,31;438,38;440,74;442,72;454,70;454,90;455,81;457,135;463,99;464,1;464,60;477,125;482,5;496,79;499,148;500,20;515,178;517,39;526,172;531,78;531,109;534,119;537,85;540,44;549,124;550,22;559,142;559,180;567,95;572,17;573,174;575,93;576,101;576,130;580,80;582,108;583,3;592,100;619,4;640,103;644,88;646,59;654,42;659,33;662,63;665,117;676,144;677,138;685,13;687,158;703,9;703,47;704,45;705,54;709,76;714,32;723,52;726,23;729,105;734,126;736,110;737,73;738,12;738,58;738,133;757,128;758,156;761,10;766,97;777,14;790,77;810,87;821,129;823,30;829,71;831,96;833,120;843,56;845,131;868,94;871,21;875,37;883,84;886,83;886,137;893,51;901,166;902,179;907,116;910,18;910,173;917,163;922,112;922,132;924,155;935,152;937,86;937,160;938,89;946,102;963,141;964,29;974,98;983,64;987,91;989,134;
5,49;21,146;24,35;8,143;33,25;34,48;43,28;54,140;35,66;48,175;62,34;65,15;76,67;63,153;82,27;79,122;68,165;93,11;87,168;98,113;95,176;105,181;99,57;97,170;127,123;125,16;139,24;134,136;147,62;153,169;140,82;160,75;155,147;174,104;170,53;170,41;178,6;181,149;199,2;181,157;194,164;200,92;183,69;204,50;213,61;222,177;219,154;236,127;240,139;238,46;246,114;251,107;265,40;261,151;258,26;275,19;294,167;276,55;291,118;302,121;301,68;317,36;314,150;341,162;318,159;342,115;348,111;331,0;354,65;350,161;373,8;358,171;386,145;403,43;424,7;434,31;424,106;440,74;438,38;442,72;454,90;454,70;457,135;455,81;463,99;464,60;496,79;464,1;482,5;499,148;477,125;515,178;500,20;526,172;517,39;531,109;540,44;534,119;531,78;549,124;537,85;559,180;550,22;559,142;573,174;572,17;567,95;575,93;580,80;576,130;576,101;583,3;582,108;592,100;640,103;619,4;644,88;654,42;662,63;646,59;665,117;685,13;659,33;676,144;687,158;677,138;703,47;703,9;709,76;704,45;723,52;714,32;705,54;729,105;726,23;737,73;736,110;734,126;738,58;738,133;738,12;761,10;758,156;757,128;777,14;766,97;821,129;810,87;790,77;823,30;831,96;829,71;843,56;868,94;833,120;845,131;875,37;871,21;886,137;883,84;902,179;893,51;886,83;907,116;901,166;917,163;910,173;910,18;922,112;922,132;935,152;924,155;937,86;937,160;946,102;963,141;938,89;964,29;974,98;983,64;987,91;989,134;
21,146;5,49;34,48;8,143;35,66;24,35;43,28;33,25;54,140;48,175;62,34;63,153;79,122;65,15;87,168;68,165;95,176;76,67;97,170;82,27;125,16;93,11;134,136;98,113;139,24;99,57;140,82;105,181;147,62;127,123;174,104;153,169;178,6;155,147;194,164;160,75;199,2;170,41;200,92;170,53;204,50;181,149;219,154;181,157;238,46;183,69;246,114;213,61;258,26;222,177;265,40;236,127;291,118;240,139;301,68;251,107;314,150;261,151;317,36;275,19;331,0;276,55;341,162;294,167;373,8;302,121;424,106;318,159;438,38;342,115;440,74;348,111;442,72;350,161;454,70;354,65;454,90;358,171;464,60;386,145;499,148;403,43;500,20;424,7;515,178;434,31;526,172;455,81;531,78;457,135;540,44;463,99;549,124;464,1;550,22;477,125;559,142;482,5;559,180;496,79;573,174;517,39;576,130;531,109;580,80;534,119;582,108;537,85;592,100;567,95;619,4;572,17;644,88;575,93;654,42;576,101;676,144;583,3;677,138;640,103;687,158;646,59;705,54;659,33;709,76;662,63;714,32;665,117;723,52;685,13;734,126;703,9;736,110;703,47;738,12;704,45;738,58;726,23;757,128;729,105;758,156;737,73;761,10;738,133;777,14;766,97;823,30;790,77;831,96;810,87;833,120;821,129;843,56;829,71;868,94;845,131;883,84;871,21;901,166;875,37;907,116;886,83;910,18;886,137;922,112;893,51;922,132;902,179;935,152;910,173;937,86;917,163;937,160;924,155;946,102;938,89;974,98;963,141;983,64;964,29;989,134;987,91;
5,49;8,143;21,146;24,35;33,25;34,48;35,66;43,28;48,175;54,140;62,34;63,153;65,15;68,165;76,67;79,122;82,27;87,168;93,11;95,176;97,170;98,113;99,57;105,181;125,16;127,123;134,136;139,24;140,82;147,62;153,169;155,147;160,75;170,41;170,53;174,104;178,6;181,157;181,149;183,69;194,164;199,2;200,92;204,50;213,61;219,154;222,177;236,127;238,46;240,139;246,114;251,107;258,26;261,151;265,40;275,19;276,55;291,118;294,167;301,68;302,121;314,150;317,36;318,159;331,0;341,162;342,115;348,111;350,161;354,65;358,171;373,8;386,145;403,43;424,7;424,106;434,31;438,38;440,74;442,72;454,90;454,70;455,81;457,135;463,99;464,60;464,1;477,125;482,5;496,79;499,148;500,20;515,178;517,39;526,172;531,78;531,109;534,119;537,85;540,44;549,124;550,22;559,180;559,142;567,95;572,17;573,174;575,93;576,101;576,130;580,80;582,108;583,3;592,100;619,4;640,103;644,88;646,59;654,42;659,33;662,63;665,117;676,144;677,138;685,13;687,158;703,47;703,9;704,45;705,54;709,76;714,32;723,52;726,23;729,105;734,126;736,110;737,73;738,12;738,58;738,133;757,128;758,156;761,10;766,97;777,14;790,77;810,87;821,129;823,30;829,71;831,96;833,120;843,56;845,131;868,94;871,21;875,37;883,84;886,83;886,137;893,51;901,166;902,179;907,116;910,173;910,18;917,163;922,112;922,132;924,155;935,152;937,86;937,160;938,89;946,102;963,141;964,29;974,98;983,64;987,91;989,134;
5,49;8,143;21,146;24,35;33,25;34,48;35,66;43,28;48,175;54,140;62,34;63,153;65,15;68,165;76,67;79,122;82,27;87,168;93,11;95,176;97,170;98,113;99,57;105,181;125,16;127,123;134,136;139,24;140,82;147,62;153,169;155,147;160,75;170,41;170,53;174,104;178,6;181,149;181,157;183,69;194,164;199,2;200,92;204,50;213,61;219,154;222,177;236,127;238,46;240,139;246,114;251,107;258,26;261,151;265,40;275,19;276,55;291,118;294,167;301,68;302,121;314,150;317,36;318,159;331,0;341,162;342,115;348,111;350,161;354,65;358,171;373,8;386,145;403,43;424,7;424,106;434,31;438,38;440,74;442,72;454,70;454,90;455,81;457,135;463,99;464,1;464,60;477,125;482,5;496,79;499,148;500,20;515,178;517,39;526,172;531,78;531,109;534,119;537,85;540,44;549,124;550,22;559,142;559,180;567,95;572,17;573,174;575,93;576,101;576,130;580,80;582,108;583,3;592,100;619,4;640,103;644,88;646,59;654,42;659,33;662,63;665,117;676,144;677,138;685,13;687,158;703,9;703,47;704,45;705,54;709,76;714,32;723,52;726,23;729,105;734,126;736,110;737,73;738,12;738,58;738,133;757,128;758,156;761,10;766,97;777,14;790,77;810,87;821,129;823,30;829,71;831,96;833,120;843,56;845,131;868,94;871,21;875,37;883,84;886,83;886,137;893,51;901,166;902,179;907,116;910,18;910,173;917,163;922,112;922,132;924,155;935,152;937,86;937,160;938,89;946,102;963,141;964,29;974,98;983,64;987,91;989,134;
5,49;8,143;21,146;24,35;33,25;34,48;35,66;43,28;48,175;54,140;62,34;63,153;65,15;68,165;76,67;79,122;82,27;87,168;93,11;95,176;97,170;98,113;99,57;105,181;125,16;127,123;134,136;139,24;140,82;147,62;153,169;155,147;160,75;170,53;170,41;174,104;178,6;181,157;181,149;183,69;194,164;199,2;200,92;204,50;213,61;219,154;222,177;236,127;238,46;240,139;246,114;251,107;258,26;261,151;265,40;275,19;276,55;291,118;294,167;301,68;302,121;314,150;317,36;318,159;331,0;341,162;342,115;348,111;350,161;354,65;358,171;373,8;386,145;403,43;424,106;424,7;434,31;438,38;440,74;442,72;454,90;454,70;455,81;457,135;463,99;464,1;464,60;477,125;482,5;496,79;499,148;500,20;515,178;517,39;526,172;531,109;531,78;534,119;537,85;540,44;549,124;550,22;559,180;559,142;567,95;572,17;573,174;575,93;576,101;576,130;580,80;582,108;583,3;592,100;619,4;640,103;644,88;646,59;654,42;659,33;662,63;665,117;676,144;677,138;685,13;687,158;703,9;703,47;704,45;705,54;709,76;714,32;723,52;726,23;729,105;734,126;736,110;737,73;738,12;738,133;738,58;757,128;758,156;761,10;766,97;777,14;790,77;810,87;821,129;823,30;829,71;831,96;833,120;843,56;845,131;868,94;871,21;875,37;883,84;886,83;886,137;893,51;901,166;902,179;907,116;910,173;910,18;917,163;922,132;922,112;924,155;935,152;937,86;937,160;938,89;946,102;963,141;964,29;974,98;983,64;987,91;989,134;
105,181;222,177;199,2;95,176;48,175;97,170;178,6;153,169;87,168;294,167;68,165;93,11;194,164;318,159;181,157;65,15;125,16;219,154;63,153;275,19;261,151;314,150;181,149;155,147;139,24;33,25;258,26;82,27;43,28;21,146;8,143;54,140;240,139;134,136;62,34;24,35;317,36;236,127;127,123;79,122;265,40;170,41;302,121;291,118;246,114;98,113;238,46;251,107;34,48;5,49;204,50;174,104;200,92;170,53;140,82;276,55;160,75;99,57;183,69;301,68;76,67;213,61;147,62;35,66;331,0;354,65;662,63;464,60;646,59;738,58;454,70;829,71;442,72;737,73;440,74;843,56;709,76;790,77;531,78;496,79;580,80;455,81;705,54;886,83;883,84;537,85;937,86;810,87;644,88;938,89;454,90;987,91;723,52;575,93;868,94;567,95;831,96;766,97;974,98;463,99;592,100;576,101;946,102;640,103;893,51;729,105;424,106;703,47;582,108;531,109;736,110;348,111;922,112;704,45;540,44;342,115;907,116;665,117;403,43;534,119;833,120;654,42;517,39;438,38;549,124;477,125;734,126;875,37;757,128;821,129;576,130;845,131;922,132;738,133;989,134;457,135;659,33;886,137;677,138;714,32;434,31;963,141;559,142;823,30;676,144;386,145;964,29;726,23;499,148;550,22;871,21;500,20;935,152;910,18;572,17;924,155;758,156;777,14;687,158;685,13;937,160;350,161;341,162;917,163;738,12;761,10;901,166;703,9;373,8;424,7;482,5;358,171;526,172;910,173;573,174;619,4;583,3;464,1;515,178;902,179;559,180;983,64;
331,0;464,1;199,2;222,177;95,176;48,175;178,6;424,7;373,8;358,171;97,170;93,11;153,169;87,168;294,167;65,15;125,16;68,165;194,164;275,19;341,162;350,161;318,159;181,157;139,24;33,25;258,26;82,27;43,28;219,154;63,153;434,31;261,151;314,150;62,34;24,35;317,36;181,149;438,38;155,147;265,40;170,41;21,146;403,43;386,145;8,143;238,46;54,140;34,48;5,49;204,50;240,139;134,136;170,53;457,135;276,55;236,127;99,57;127,123;79,122;105,181;213,61;147,62;302,121;291,118;354,65;35,66;76,67;301,68;183,69;454,70;342,115;442,72;246,114;440,74;160,75;98,113;348,111;251,107;424,106;174,104;455,81;140,82;463,99;200,92;454,90;464,60;810,87;644,88;938,89;537,85;987,91;883,84;575,93;868,94;567,95;831,96;766,97;974,98;886,83;592,100;576,101;946,102;640,103;580,80;729,105;496,79;531,78;582,108;531,109;736,110;790,77;922,112;709,76;737,73;829,71;907,116;665,117;983,64;534,119;833,120;662,63;646,59;738,58;549,124;477,125;734,126;843,56;757,128;821,129;576,130;845,131;922,132;738,133;989,134;705,54;723,52;886,137;677,138;893,51;703,47;963,141;559,142;704,45;676,144;540,44;654,42;517,39;499,148;875,37;659,33;714,32;935,152;823,30;964,29;924,155;758,156;726,23;687,158;550,22;937,160;871,21;500,20;917,163;910,18;572,17;901,166;777,14;685,13;738,12;761,10;703,9;526,172;910,173;573,174;482,5;619,4;583,3;515,178;902,179;559,180;937,86;
331,0;464,1;199,2;583,3;619,4;482,5;178,6;424,7;373,8;703,9;761,10;93,11;738,12;685,13;777,14;65,15;125,16;572,17;910,18;275,19;500,20;871,21;550,22;726,23;139,24;33,25;258,26;82,27;43,28;964,29;823,30;434,31;714,32;659,33;62,34;24,35;317,36;875,37;438,38;517,39;265,40;170,41;654,42;403,43;540,44;704,45;238,46;703,47;34,48;5,49;204,50;893,51;723,52;170,53;705,54;276,55;843,56;99,57;738,58;646,59;464,60;213,61;147,62;662,63;983,64;354,65;35,66;76,67;301,68;183,69;454,70;829,71;442,72;737,73;440,74;160,75;709,76;790,77;531,78;496,79;580,80;455,81;140,82;886,83;883,84;537,85;937,86;810,87;644,88;938,89;454,90;105,181;200,92;575,93;868,94;567,95;831,96;766,97;974,98;463,99;592,100;576,101;946,102;640,103;174,104;729,105;424,106;251,107;582,108;531,109;736,110;348,111;922,112;98,113;246,114;342,115;907,116;665,117;291,118;534,119;833,120;302,121;79,122;127,123;549,124;477,125;734,126;236,127;757,128;821,129;576,130;845,131;922,132;738,133;559,180;457,135;134,136;886,137;677,138;240,139;54,140;963,141;559,142;8,143;676,144;386,145;21,146;155,147;499,148;181,149;314,150;261,151;935,152;63,153;219,154;924,155;758,156;181,157;687,158;318,159;937,160;350,161;341,162;917,163;194,164;68,165;901,166;294,167;87,168;153,169;97,170;358,171;526,172;910,173;573,174;48,175;95,176;222,177;515,178;902,179;987,91;989,134;
95,176;48,175;97,170;87,168;68,165;63,153;21,146;8,143;54,140;79,122;98,113;93,11;76,67;35,66;99,57;65,15;5,49;34,48;24,35;62,34;43,28;82,27;33,25;105,181;139,24;550,22;258,26;871,21;500,20;964,29;823,30;434,31;714,32;659,33;275,19;910,18;317,36;875,37;438,38;517,39;265,40;170,41;654,42;403,43;540,44;704,45;238,46;703,47;572,17;125,16;204,50;893,51;723,52;170,53;705,54;276,55;843,56;777,14;738,58;646,59;464,60;213,61;147,62;662,63;983,64;354,65;685,13;738,12;301,68;183,69;454,70;829,71;442,72;737,73;440,74;160,75;709,76;790,77;531,78;496,79;580,80;455,81;140,82;886,83;883,84;537,85;937,86;810,87;644,88;938,89;454,90;987,91;200,92;575,93;868,94;567,95;831,96;766,97;974,98;463,99;592,100;576,101;946,102;640,103;174,104;729,105;424,106;251,107;582,108;531,109;736,110;348,111;922,112;761,10;246,114;342,115;907,116;665,117;291,118;534,119;833,120;302,121;703,9;127,123;549,124;477,125;734,126;236,127;757,128;821,129;576,130;845,131;922,132;738,133;989,134;457,135;134,136;886,137;677,138;240,139;373,8;963,141;559,142;424,7;676,144;386,145;178,6;155,147;499,148;181,149;314,150;261,151;935,152;482,5;219,154;924,155;758,156;181,157;687,158;318,159;937,160;350,161;341,162;917,163;194,164;619,4;901,166;294,167;583,3;153,169;199,2;358,171;526,172;910,173;573,174;464,1;331,0;222,177;515,178;902,179;559,180;726,23;
18,32;32,8;66,5;80,16;80,47;85,9;124,10;151,56;174,23;183,41;202,40;207,39;227,7;236,43;237,28;249,17;263,21;297,0;309,30;356,4;358,34;363,45;385,37;391,19;450,51;479,1;485,54;486,42;494,11;509,26;525,46;542,18;548,35;552,52;565,53;600,14;615,48;618,20;620,57;630,2;633,22;650,38;670,29;672,55;697,36;730,49;744,24;745,12;762,3;783,33;785,44;792,15;854,58;868,50;919,6;920,25;957,31;970,27;987,13;
66,5;18,32;80,16;85,9;32,8;151,56;124,10;80,47;183,41;174,23;207,39;202,40;227,7;237,28;236,43;263,21;249,17;356,4;309,30;297,0;363,45;385,37;358,34;391,19;485,54;450,51;479,1;494,11;486,42;509,26;525,46;565,53;548,35;542,18;600,14;552,52;620,57;615,48;633,22;630,2;618,20;670,29;650,38;672,55;697,36;762,3;730,49;745,12;783,33;744,24;792,15;785,44;868,50;919,6;854,58;970,27;920,25;957,31;987,13;
18,32;66,5;32,8;80,47;80,16;85,9;124,10;174,23;151,56;183,41;202,40;207,39;237,28;227,7;297,0;236,43;309,30;249,17;356,4;263,21;358,34;363,45;485,54;385,37;486,42;391,19;509,26;450,51;525,46;479,1;542,18;494,11;552,52;548,35;600,14;565,53;615,48;620,57;618,20;670,29;630,2;672,55;633,22;730,49;650,38;762,3;697,36;783,33;744,24;792,15;745,12;920,25;785,44;957,31;854,58;970,27;868,50;987,13;919,6;
18,32;32,8;66,5;80,16;80,47;85,9;124,10;151,56;174,23;183,41;202,40;207,39;227,7;236,43;237,28;249,17;263,21;297,0;309,30;356,4;358,34;363,45;385,37;391,19;450,51;479,1;485,54;486,42;494,11;509,26;525,46;542,18;548,35;552,52;565,53;600,14;615,48;618,20;620,57;630,2;633,22;650,38;670,29;672,55;697,36;730,49;744,24;745,12;762,3;783,33;785,44;792,15;854,58;868,50;919,6;920,25;957,31;970,27;987,13;
18,32;32,8;66,5;80,16;80,47;85,9;124,10;151,56;174,23;183,41;202,40;207,39;227,7;236,43;237,28;249,17;263,21;297,0;309,30;356,4;358,34;363,45;385,37;391,19;450,51;479,1;485,54;486,42;494,11;509,26;525,46;542,18;548,35;552,52;565,53;600,14;615,48;618,20;620,57;630,2;633,22;650,38;670,29;672,55;697,36;730,49;744,24;745,12;762,3;783,33;785,44;792,15;854,58;868,50;919,6;920,25;957,31;970,27;987,13;
18,32;32,8;66,5;80,47;80,16;85,9;124,10;151,56;174,23;183,41;202,40;207,39;227,7;236,43;237,28;249,17;263,21;297,0;309,30;356,4;358,34;363,45;385,37;391,19;450,51;479,1;485,54;486,42;494,11;509,26;525,46;542,18;548,35;552,52;565,53;600,14;615,48;618,20;620,57;630,2;633,22;650,38;670,29;672,55;697,36;730,49;744,24;745,12;762,3;783,33;785,44;792,15;854,58;868,50;919,6;920,25;957,31;970,27;987,13;
151,56;80,47;236,43;183,41;202,40;66,5;207,39;227,7;32,8;85,9;124,10;18,32;237,28;174,23;263,21;249,17;80,16;297,0;542,18;391,19;618,20;600,14;633,22;987,13;744,24;920,25;509,26;970,27;745,12;670,29;309,30;957,31;494,11;783,33;358,34;548,35;697,36;385,37;650,38;919,6;356,4;762,3;486,42;630,2;785,44;363,45;525,46;479,1;615,48;730,49;868,50;450,51;552,52;565,53;485,54;672,55;854,58;620,57;792,15;
297,0;151,56;80,47;363,45;356,4;66,5;236,43;227,7;32,8;85,9;124,10;183,41;202,40;207,39;385,37;358,34;80,16;249,17;18,32;309,30;237,28;263,21;174,23;391,19;744,24;920,25;509,26;970,27;618,20;670,29;854,58;957,31;542,18;783,33;792,15;548,35;697,36;600,14;650,38;987,13;745,12;494,11;486,42;919,6;785,44;762,3;525,46;630,2;615,48;730,49;868,50;450,51;552,52;565,53;485,54;672,55;479,1;620,57;633,22;
297,0;479,1;630,2;620,57;356,4;66,5;151,56;227,7;32,8;85,9;124,10;494,11;485,54;565,53;600,14;552,52;80,16;249,17;542,18;391,19;618,20;263,21;633,22;174,23;450,51;615,48;509,26;80,47;237,28;525,46;309,30;363,45;18,32;236,43;358,34;548,35;486,42;385,37;650,38;207,39;202,40;183,41;670,29;783,33;785,44;957,31;854,58;970,27;920,25;730,49;868,50;744,24;792,15;987,13;745,12;672,55;919,6;762,3;697,36;
297,0;479,1;630,2;762,3;356,4;66,5;620,57;227,7;32,8;85,9;124,10;494,11;745,12;151,56;600,14;792,15;80,16;249,17;542,18;391,19;618,20;263,21;633,22;174,23;744,24;672,55;509,26;485,54;237,28;670,29;309,30;565,53;18,32;783,33;358,34;548,35;697,36;385,37;650,38;207,39;202,40;183,41;486,42;236,43;785,44;363,45;525,46;80,47;615,48;730,49;552,52;450,51;854,58;957,31;970,27;920,25;987,13;919,6;868,50;
5,75;20,12;28,45;28,80;41,77;60,59;66,22;66,68;68,24;76,21;85,27;89,3;92,87;96,86;128,5;133,54;161,81;167,62;200,35;201,47;202,61;238,37;242,88;251,0;270,4;281,10;281,63;311,43;328,32;337,1;347,74;348,19;352,38;357,31;358,58;361,72;385,30;391,48;392,82;400,84;411,29;427,71;434,14;461,52;489,83;493,11;493,28;505,78;508,6;510,33;529,60;538,25;553,8;567,65;570,9;584,76;592,69;598,66;601,51;601,70;617,42;619,44;634,57;638,23;644,26;688,50;699,16;702,17;726,34;727,18;736,20;764,91;802,73;814,49;814,89;817,36;829,90;834,46;844,2;859,55;871,13;873,64;879,53;906,56;910,15;917,79;937,39;947,7;955,40;977,67;987,85;997,41;
5,75;41,77;20,12;28,45;60,59;28,80;68,24;66,22;89,3;76,21;66,68;92,87;85,27;128,5;96,86;167,62;133,54;161,81;201,47;200,35;251,0;238,37;202,61;270,4;242,88;281,63;281,10;311,43;328,32;348,19;337,1;357,31;352,38;347,74;358,58;361,72;392,82;391,48;385,30;400,84;411,29;461,52;427,71;493,28;489,83;434,14;505,78;493,11;508,6;510,33;553,8;529,60;567,65;570,9;538,25;592,69;584,76;598,66;601,51;617,42;601,70;619,44;634,57;644,26;638,23;699,16;688,50;726,34;702,17;727,18;736,20;764,91;802,73;814,89;814,49;829,90;817,36;844,2;834,46;873,64;859,55;871,13;879,53;910,15;906,56;947,7;937,39;917,79;977,67;955,40;997,41;987,85;
20,12;5,75;28,80;28,45;66,22;41,77;66,68;60,59;68,24;76,21;96,86;85,27;133,54;89,3;167,62;92,87;242,88;128,5;251,0;161,81;270,4;200,35;281,10;201,47;328,32;202,61;347,74;238,37;352,38;281,63;358,58;311,43;361,72;337,1;385,30;348,19;391,48;357,31;392,82;411,29;400,84;427,71;434,14;489,83;461,52;493,11;493,28;510,33;505,78;538,25;508,6;567,65;529,60;570,9;553,8;592,69;584,76;601,51;598,66;634,57;601,70;638,23;617,42;702,17;619,44;764,91;644,26;802,73;688,50;814,49;699,16;814,89;726,34;859,55;727,18;871,13;736,20;879,53;817,36;910,15;829,90;917,79;834,46;937,39;844,2;947,7;873,64;977,67;906,56;987,85;955,40;997,41;
5,75;20,12;28,80;28,45;41,77;60,59;66,22;66,68;68,24;76,21;85,27;89,3;92,87;96,86;128,5;133,54;161,81;167,62;200,35;201,47;202,61;238,37;242,88;251,0;270,4;281,10;281,63;311,43;328,32;337,1;347,74;348,19;352,38;357,31;358,58;361,72;385,30;391,48;392,82;400,84;411,29;427,71;434,14;461,52;489,83;493,28;493,11;505,78;508,6;510,33;529,60;538,25;553,8;567,65;570,9;584,76;592,69;598,66;601,70;601,51;617,42;619,44;634,57;638,23;644,26;688,50;699,16;702,17;726,34;727,18;736,20;764,91;802,73;814,49;814,89;817,36;829,90;834,46;844,2;859,55;871,13;873,64;879,53;906,56;910,15;917,79;937,39;947,7;955,40;977,67;987,85;997,41;
5,75;20,12;28,45;28,80;41,77;60,59;66,22;66,68;68,24;76,21;85,27;89,3;92,87;96,86;128,5;133,54;161,81;167,62;200,35;201,47;202,61;238,37;242,88;251,0;270,4;281,10;281,63;311,43;328,32;337,1;347,74;348,19;352,38;357,31;358,58;361,72;385,30;391,48;392,82;400,84;411,29;427,71;434,14;461,52;489,83;493,11;493,28;505,78;508,6;510,33;529,60;538,25;553,8;567,65;570,9;584,76;592,69;598,66;601,51;601,70;617,42;619,44;634,57;638,23;644,26;688,50;699,16;702,17;726,34;727,18;736,20;764,91;802,73;814,49;814,89;817,36;829,90;834,46;844,2;859,55;871,13;873,64;879,53;906,56;910,15;917,79;937,39;947,7;955,40;977,67;987,85;997,41;
5,75;20,12;28,80;28,45;41,77;60,59;66,22;66,68;68,24;76,21;85,27;89,3;92,87;96,86;128,5;133,54;161,81;167,62;200,35;201,47;202,61;238,37;242,88;251,0;270,4;281,63;281,10;311,43;328,32;337,1;347,74;348,19;352,38;357,31;358,58;361,72;385,30;391,48;392,82;400,84;411,29;427,71;434,14;461,52;489,83;493,11;493,28;505,78;508,6;510,33;529,60;538,25;553,8;567,65;570,9;584,76;592,69;598,66;601,51;601,70;617,42;619,44;634,57;638,23;644,26;688,50;699,16;702,17;726,34;727,18;736,20;764,91;802,73;814,49;814,89;817,36;829,90;834,46;844,2;859,55;871,13;873,64;879,53;906,56;910,15;917,79;937,39;947,7;955,40;977,67;987,85;997,41;
242,88;92,87;96,86;89,3;161,81;128,5;28,80;41,77;5,75;66,68;167,62;202,61;20,12;60,59;133,54;201,47;28,45;238,37;200,35;85,27;68,24;76,21;66,22;251,0;736,20;538,25;644,26;348,19;493,28;411,29;385,30;357,31;328,32;510,33;726,34;727,18;817,36;702,17;352,38;937,39;955,40;997,41;617,42;311,43;619,44;699,16;834,46;910,15;391,48;814,49;688,50;601,51;461,52;879,53;434,14;859,55;906,56;634,57;358,58;871,13;529,60;493,11;281,10;281,63;873,64;567,65;598,66;977,67;570,9;592,69;601,70;427,71;361,72;802,73;347,74;553,8;584,76;947,7;505,78;917,79;508,6;270,4;392,82;489,83;400,84;987,85;844,2;337,1;764,91;814,89;829,90;638,23;
251,0;337,1;242,88;89,3;270,4;128,5;92,87;96,86;161,81;28,80;281,10;41,77;20,12;5,75;347,74;361,72;66,68;281,63;167,62;348,19;202,61;76,21;66,22;60,59;68,24;358,58;133,54;85,27;201,47;28,45;311,43;357,31;328,32;352,38;238,37;200,35;385,30;726,34;510,33;937,39;955,40;997,41;617,42;764,91;619,44;411,29;834,46;493,28;391,48;814,49;688,50;601,51;461,52;879,53;644,26;859,55;906,56;634,57;538,25;638,23;529,60;736,20;727,18;702,17;873,64;567,65;598,66;977,67;699,16;592,69;601,70;427,71;910,15;802,73;434,14;871,13;584,76;493,11;505,78;917,79;570,9;553,8;392,82;489,83;400,84;987,85;947,7;508,6;844,2;814,89;829,90;817,36;
251,0;337,1;829,90;89,3;270,4;128,5;508,6;814,89;553,8;570,9;281,10;493,11;20,12;242,88;434,14;92,87;699,16;702,17;727,18;348,19;736,20;76,21;66,22;638,23;68,24;538,25;644,26;85,27;493,28;411,29;385,30;357,31;328,32;510,33;726,34;200,35;817,36;238,37;352,38;96,86;400,84;489,83;617,42;311,43;619,44;28,45;764,91;201,47;391,48;814,49;688,50;601,51;461,52;392,82;133,54;161,81;28,80;634,57;358,58;60,59;529,60;202,61;167,62;281,63;505,78;567,65;598,66;41,77;66,68;592,69;601,70;427,71;361,72;802,73;347,74;5,75;584,76;834,46;873,64;917,79;906,56;859,55;879,53;997,41;955,40;987,85;937,39;910,15;871,13;947,7;844,2;977,67;
251,0;337,1;242,88;89,3;270,4;128,5;508,6;92,87;553,8;570,9;281,10;493,11;20,12;96,86;434,14;400,84;699,16;702,17;727,18;348,19;736,20;76,21;66,22;638,23;68,24;538,25;644,26;85,27;493,28;411,29;385,30;357,31;328,32;510,33;726,34;200,35;489,83;238,37;352,38;392,82;161,81;28,80;617,42;311,43;619,44;28,45;505,78;201,47;391,48;41,77;688,50;601,51;461,52;584,76;133,54;5,75;347,74;634,57;358,58;60,59;529,60;202,61;167,62;281,63;361,72;567,65;598,66;427,71;66,68;592,69;601,70;764,91;873,64;802,73;906,56;859,55;879,53;814,49;834,46;917,79;997,41;955,40;937,39;817,36;910,15;987,85;871,13;947,7;844,2;814,89;829,90;977,67;
457,1;687,0;
687,0;457,1;
687,0;457,1;
457,1;687,0;
457,1;687,0;
457,1;687,0;
457,1;687,0;
457,1;687,0;
457,1;687,0;
457,1;687,0;
272,1;299,2;518,0;
518,0;272,1;299,2;
299,2;272,1;518,0;
272,1;299,2;518,0;
272,1;299,2;518,0;
272,1;299,2;518,0;
299,2;272,1;518,0;
272,1;299,2;518,0;
272,1;299,2;518,0;
272,1;299,2;518,0;
3,60;5,47;9,10;13,83;17,35;22,65;49,75;72,3;75,55;89,5;109,66;110,82;146,20;161,30;176,61;179,76;187,63;220,64;249,58;285,91;286,1;290,71;306,80;312,12;312,74;336,49;349,31;351,59;400,36;409,15;414,56;431,26;433,44;441,53;461,72;467,43;474,45;482,62;488,7;489,84;520,54;536,93;545,52;548,6;573,28;592,57;596,40;606,9;613,22;614,85;616,95;617,50;617,69;626,34;628,92;656,78;662,11;679,42;682,25;687,46;688,67;698,27;700,16;702,29;721,19;726,86;729,96;749,81;756,21;757,79;762,89;764,32;766,39;780,88;787,8;795,14;801,94;802,51;817,48;823,38;827,73;837,70;843,37;845,77;864,87;867,68;868,0;913,13;938,41;941,17;953,90;963,24;980,33;982,18;983,4;987,23;988,2;
5,47;3,60;17,35;9,10;13,83;22,65;89,5;49,75;75,55;109,66;72,3;161,30;110,82;176,61;179,76;146,20;187,63;220,64;286,1;249,58;290,71;306,80;285,91;336,49;312,74;312,12;351,59;400,36;349,31;409,15;433,44;414,56;431,26;461,72;482,62;441,53;467,43;488,7;474,45;520,54;489,84;545,52;536,93;592,57;548,6;613,22;596,40;573,28;617,69;606,9;616,95;617,50;614,85;656,78;628,92;626,34;679,42;662,11;687,46;682,25;700,16;688,67;698,27;702,29;749,81;726,86;721,19;756,21;729,96;757,79;762,89;780,88;764,32;766,39;787,8;801,94;802,51;795,14;827,73;823,38;817,48;837,70;843,37;867,68;845,77;864,87;913,13;868,0;963,24;938,41;953,90;980,33;941,17;987,23;982,18;983,4;988,2;
3,60;5,47;9,10;13,83;109,66;17,35;110,82;22,65;146,20;49,75;161,30;72,3;179,76;75,55;220,64;89,5;249,58;176,61;306,80;187,63;312,12;285,91;312,74;286,1;400,36;290,71;414,56;336,49;431,26;349,31;433,44;351,59;461,72;409,15;482,62;441,53;489,84;467,43;520,54;474,45;545,52;488,7;548,6;536,93;573,28;592,57;596,40;606,9;613,22;614,85;617,50;616,95;626,34;617,69;628,92;662,11;656,78;682,25;679,42;688,67;687,46;698,27;700,16;702,29;726,86;721,19;729,96;749,81;764,32;756,21;780,88;757,79;787,8;762,89;795,14;766,39;801,94;802,51;817,48;827,73;823,38;843,37;837,70;845,77;867,68;864,87;868,0;913,13;953,90;938,41;963,24;941,17;982,18;980,33;983,4;987,23;988,2;
3,60;5,47;9,10;13,83;17,35;22,65;49,75;72,3;75,55;89,5;109,66;110,82;146,20;161,30;176,61;179,76;187,63;220,64;249,58;285,91;286,1;290,71;306,80;312,12;312,74;336,49;349,31;351,59;400,36;409,15;414,56;431,26;433,44;441,53;461,72;467,43;474,45;482,62;488,7;489,84;520,54;536,93;545,52;548,6;573,28;592,57;596,40;606,9;613,22;614,85;616,95;617,50;617,69;626,34;628,92;656,78;662,11;679,42;682,25;687,46;688,67;698,27;700,16;702,29;721,19;726,86;729,96;749,81;756,21;757,79;762,89;764,32;766,39;780,88;787,8;795,14;801,94;802,51;817,48;823,38;827,73;837,70;843,37;845,77;864,87;867,68;868,0;913,13;938,41;941,17;953,90;963,24;980,33;982,18;983,4;987,23;988,2;
3,60;5,47;9,10;13,83;17,35;22,65;49,75;72,3;75,55;89,5;109,66;110,82;146,20;161,30;176,61;179,76;187,63;220,64;249,58;285,91;286,1;290,71;306,80;312,12;312,74;336,49;349,31;351,59;400,36;409,15;414,56;431,26;433,44;441,53;461,72;467,43;474,45;482,62;488,7;489,84;520,54;536,93;545,52;548,6;573,28;592,57;596,40;606,9;613,22;614,85;616,95;617,50;617,69;626,34;628,92;656,78;662,11;679,42;682,25;687,46;688,67;698,27;700,16;702,29;721,19;726,86;729,96;749,81;756,21;757,79;762,89;764,32;766,39;780,88;787,8;795,14;801,94;802,51;817,48;823,38;827,73;837,70;843,37;845,77;864,87;867,68;868,0;913,13;938,41;941,17;953,90;963,24;980,33;982,18;983,4;987,23;988,2;
3,60;5,47;9,10;13,83;17,35;22,65;49,75;72,3;75,55;89,5;109,66;110,82;146,20;161,30;176,61;179,76;187,63;220,64;249,58;285,91;286,1;290,71;306,80;312,74;312,12;336,49;349,31;351,59;400,36;409,15;414,56;431,26;433,44;441,53;461,72;467,43;474,45;482,62;488,7;489,84;520,54;536,93;545,52;548,6;573,28;592,57;596,40;606,9;613,22;614,85;616,95;617,50;617,69;626,34;628,92;656,78;662,11;679,42;682,25;687,46;688,67;698,27;700,16;702,29;721,19;726,86;729,96;749,81;756,21;757,79;762,89;764,32;766,39;780,88;787,8;795,14;801,94;802,51;817,48;823,38;827,73;837,70;843,37;845,77;864,87;867,68;868,0;913,13;938,41;941,17;953,90;963,24;980,33;982,18;983,4;987,23;988,2;
729,96;286,1;616,95;72,3;801,94;89,5;548,6;488,7;787,8;606,9;9,10;662,11;312,12;536,93;795,14;409,15;700,16;628,92;285,91;721,19;146,20;756,21;613,22;762,89;780,88;682,25;431,26;698,27;573,28;702,29;161,30;349,31;764,32;864,87;626,34;17,35;400,36;843,37;823,38;766,39;596,40;726,86;679,42;467,43;433,44;474,45;687,46;5,47;817,48;336,49;617,50;802,51;545,52;441,53;520,54;75,55;414,56;592,57;249,58;351,59;3,60;176,61;482,62;187,63;220,64;22,65;109,66;688,67;867,68;617,69;837,70;290,71;461,72;827,73;312,74;49,75;179,76;845,77;656,78;757,79;306,80;749,81;110,82;13,83;489,84;614,85;868,0;980,33;963,24;987,23;953,90;982,18;941,17;913,13;983,4;988,2;938,41;
616,95;286,1;536,93;72,3;628,92;89,5;548,6;488,7;285,91;606,9;9,10;662,11;312,12;762,89;726,86;409,15;700,16;614,85;489,84;721,19;146,20;756,21;613,22;13,83;110,82;682,25;431,26;698,27;573,28;702,29;161,30;349,31;729,96;749,81;626,34;17,35;400,36;306,80;757,79;656,78;596,40;179,76;679,42;467,43;433,44;474,45;687,46;5,47;49,75;336,49;617,50;312,74;545,52;441,53;520,54;75,55;414,56;592,57;249,58;351,59;3,60;176,61;482,62;187,63;220,64;22,65;109,66;688,67;461,72;617,69;290,71;764,32;867,68;827,73;802,51;817,48;938,41;845,77;766,39;823,38;843,37;980,33;963,24;987,23;982,18;941,17;795,14;864,87;780,88;913,13;953,90;787,8;983,4;988,2;801,94;868,0;837,70;
616,95;286,1;801,94;72,3;536,93;89,5;548,6;488,7;787,8;606,9;9,10;662,11;312,12;628,92;795,14;409,15;700,16;285,91;762,89;721,19;146,20;756,21;613,22;780,88;726,86;682,25;431,26;698,27;573,28;702,29;161,30;349,31;764,32;614,85;626,34;17,35;400,36;489,84;13,83;766,39;596,40;110,82;679,42;467,43;433,44;474,45;687,46;5,47;729,96;336,49;617,50;802,51;545,52;441,53;520,54;75,55;414,56;592,57;249,58;351,59;3,60;176,61;482,62;187,63;220,64;22,65;109,66;688,67;749,81;617,69;306,80;290,71;461,72;757,79;312,74;49,75;179,76;656,78;817,48;827,73;837,70;867,68;938,41;823,38;843,37;980,33;963,24;864,87;987,23;982,18;953,90;941,17;913,13;983,4;988,2;868,0;845,77;
616,95;286,1;536,93;72,3;628,92;89,5;548,6;488,7;285,91;606,9;9,10;662,11;312,12;726,86;614,85;409,15;700,16;489,84;13,83;721,19;146,20;110,82;613,22;306,80;656,78;682,25;431,26;698,27;573,28;702,29;161,30;349,31;179,76;49,75;626,34;17,35;400,36;312,74;461,72;290,71;596,40;617,69;679,42;467,43;433,44;474,45;687,46;5,47;688,67;336,49;617,50;109,66;545,52;441,53;520,54;75,55;414,56;592,57;249,58;351,59;3,60;176,61;482,62;187,63;220,64;22,65;729,96;817,48;867,68;938,41;837,70;766,39;823,38;827,73;843,37;980,33;764,32;845,77;963,24;757,79;987,23;749,81;756,21;982,18;941,17;795,14;913,13;864,87;780,88;762,89;953,90;787,8;983,4;988,2;801,94;868,0;802,51;
2,309;4,33;7,70;7,137;8,218;8,265;9,48;11,196;13,50;13,158;14,73;22,15;22,35;24,86;28,37;29,67;40,76;40,289;42,42;46,290;52,154;53,312;54,228;62,29;62,257;63,302;67,143;67,277;70,105;71,2;72,201;72,319;73,226;78,24;80,272;83,31;87,210;88,182;94,146;94,175;96,12;96,65;103,23;106,131;119,21;124,163;125,97;126,56;128,27;134,79;140,64;146,119;148,297;152,305;154,295;158,147;173,169;173,274;186,256;187,19;188,189;191,284;192,314;195,103;196,294;196,313;207,8;213,270;214,140;214,155;215,243;217,237;219,118;220,317;224,235;229,133;232,207;233,216;237,215;242,199;246,161;246,203;247,174;247,220;249,30;250,139;256,288;256,292;257,184;258,287;259,83;262,34;262,271;264,197;265,102;267,202;270,303;271,122;280,62;285,293;290,96;300,308;302,144;303,185;317,181;319,74;323,138;324,59;329,261;333,63;333,321;339,258;340,192;342,47;345,239;349,240;350,167;354,262;358,260;359,57;359,156;366,107;373,205;380,54;383,219;388,233;390,11;390,120;391,318;397,10;400,177;410,170;411,7;413,230;421,214;421,264;428,241;429,49;430,236;436,17;438,232;440,168;441,77;442,38;443,212;445,109;445,278;451,223;452,151;458,71;458,191;465,101;466,75;473,36;473,225;473,248;474,180;478,200;486,183;491,135;493,221;497,123;499,22;507,204;509,276;510,209;511,281;522,153;524,296;528,1;531,159;534,300;535,193;538,92;542,90;544,148;544,166;557,46;572,0;574,160;574,242;575,14;576,125;578,315;585,176;587,171;589,43;593,99;595,253;596,162;598,150;599,82;600,245;601,269;603,4;606,282;616,187;619,100;622,91;622,275;636,9;636,84;639,208;640,68;642,117;645,115;649,98;649,304;665,301;672,80;673,51;677,40;678,127;679,249;684,130;684,247;686,20;688,164;706,124;709,268;710,25;710,66;711,190;713,141;717,81;722,298;727,5;727,6;728,213;729,178;733,88;734,246;735,179;739,279;749,263;750,28;750,114;753,85;754,157;755,229;760,32;760,44;766,53;768,128;768,259;769,311;771,238;773,227;782,18;788,267;789,136;789,286;790,104;794,186;799,55;802,206;806,234;809,78;810,45;815,58;816,299;817,222;818,129;819,320;822,95;823,173;824,280;834,126;835,198;837,266;841,41;847,110;854,69;859,283;860,310;862,217;865,52;868,72;870,251;877,87;877,152;884,89;886,106;888,61;893,60;894,145;897,16;897,244;900,211;906,112;907,291;908,39;910,13;910,111;912,285;915,231;916,252;921,273;926,113;926,195;936,224;940,93;942,26;943,116;944,142;948,108;948,255;949,188;952,194;956,132;963,134;964,121;965,254;971,94;974,172;983,306;987,165;989,250;990,307;996,3;999,316;1000,149;
4,33;2,309;7,70;8,218;7,137;9,48;8,265;13,50;11,196;22,35;14,73;13,158;24,86;22,15;28,37;29,67;40,289;46,290;40,76;53,312;52,154;42,42;62,29;54,228;67,277;62,257;63,302;67,143;71,2;72,201;70,105;72,319;73,226;83,31;78,24;80,272;88,182;87,210;94,175;96,65;96,12;94,146;106,131;103,23;119,21;124,163;126,56;125,97;134,79;128,27;140,64;152,305;148,297;146,119;154,295;173,169;173,274;158,147;187,19;186,256;191,284;188,189;195,103;192,314;196,313;196,294;207,8;214,155;214,140;213,270;217,237;215,243;229,133;220,317;219,118;232,207;224,235;237,215;233,216;246,161;246,203;242,199;247,174;247,220;256,288;249,30;250,139;257,184;256,292;262,34;258,287;264,197;262,271;259,83;267,202;265,102;270,303;271,122;280,62;290,96;285,293;303,185;300,308;323,138;317,181;302,144;324,59;319,74;329,261;333,321;340,192;339,258;333,63;342,47;345,239;349,240;358,260;354,262;350,167;359,156;359,57;373,205;366,107;380,54;390,120;383,219;390,11;391,318;388,233;410,170;400,177;397,10;413,230;421,214;411,7;421,264;429,49;436,17;428,241;430,236;438,232;443,212;441,77;440,168;445,109;442,38;445,278;451,223;458,191;452,151;458,71;473,248;465,101;466,75;478,200;473,225;473,36;486,183;474,180;491,135;497,123;493,221;507,204;499,22;510,209;509,276;511,281;528,1;522,153;534,300;531,159;524,296;538,92;535,193;542,90;544,166;572,0;557,46;544,148;575,14;574,242;574,160;578,315;585,176;576,125;587,171;593,99;589,43;598,150;596,162;595,253;600,245;599,82;606,282;601,269;622,91;616,187;603,4;622,275;619,100;636,9;640,68;636,84;649,304;642,117;639,208;649,98;645,115;677,40;665,301;672,80;678,127;673,51;684,247;679,249;684,130;686,20;688,164;709,268;706,124;711,190;710,66;710,25;717,81;713,141;722,298;727,5;728,213;729,178;727,6;733,88;734,246;739,279;735,179;750,28;750,114;749,263;754,157;753,85;760,44;755,229;766,53;768,128;760,32;768,259;773,227;771,238;769,311;782,18;789,136;788,267;789,286;790,104;802,206;799,55;794,186;809,78;806,234;817,222;810,45;815,58;818,129;816,299;824,280;819,320;823,173;834,126;822,95;835,198;837,266;854,69;841,41;847,110;859,283;868,72;862,217;860,310;870,251;865,52;877,87;877,152;884,89;888,61;886,106;894,145;893,60;900,211;897,244;897,16;907,291;906,112;910,13;910,111;908,39;921,273;912,285;916,252;926,113;915,231;936,224;926,195;943,116;942,26;940,93;944,142;948,108;952,194;948,255;963,134;956,132;949,188;964,121;965,254;983,306;971,94;974,172;987,165;989,250;996,3;990,307;1000,149;999,316;
7,70;2,309;8,218;4,33;9,48;7,137;11,196;8,265;13,50;14,73;13,158;22,15;24,86;22,35;40,76;28,37;42,42;29,67;46,290;40,289;52,154;62,29;53,312;62,257;54,228;67,143;63,302;67,277;71,2;70,105;73,226;72,201;78,24;72,319;80,272;83,31;87,210;94,175;88,182;96,65;94,146;103,23;96,12;106,131;126,56;119,21;140,64;124,163;173,274;125,97;186,256;128,27;191,284;134,79;192,314;146,119;196,294;148,297;207,8;152,305;213,270;154,295;214,140;158,147;219,118;173,169;233,216;187,19;247,174;188,189;247,220;195,103;249,30;196,313;256,288;214,155;256,292;215,243;257,184;217,237;262,34;220,317;265,102;224,235;267,202;229,133;271,122;232,207;280,62;237,215;290,96;242,199;300,308;246,161;302,144;246,203;319,74;250,139;323,138;258,287;339,258;259,83;340,192;262,271;349,240;264,197;354,262;270,303;358,260;285,293;359,156;303,185;380,54;317,181;390,120;324,59;391,318;329,261;397,10;333,63;410,170;333,321;413,230;342,47;421,214;345,239;421,264;350,167;430,236;359,57;438,232;366,107;440,168;373,205;442,38;383,219;443,212;388,233;445,278;390,11;473,36;400,177;473,248;411,7;474,180;428,241;478,200;429,49;499,22;436,17;507,204;441,77;509,276;445,109;524,296;451,223;534,300;452,151;538,92;458,71;542,90;458,191;544,148;465,101;544,166;466,75;557,46;473,225;572,0;486,183;574,160;491,135;574,242;493,221;575,14;497,123;585,176;510,209;596,162;511,281;598,150;522,153;599,82;528,1;603,4;531,159;606,282;535,193;619,100;576,125;636,84;578,315;639,208;587,171;640,68;589,43;649,98;593,99;649,304;595,253;672,80;600,245;677,40;601,269;684,130;616,187;686,20;622,91;688,164;622,275;706,124;636,9;709,268;642,117;710,66;645,115;711,190;665,301;722,298;673,51;727,6;678,127;729,178;679,249;733,88;684,247;734,246;710,25;750,28;713,141;750,114;717,81;760,32;727,5;760,44;728,213;768,128;735,179;771,238;739,279;782,18;749,263;789,136;753,85;789,286;754,157;790,104;755,229;794,186;766,53;802,206;768,259;806,234;769,311;809,78;773,227;815,58;788,267;817,222;799,55;819,320;810,45;824,280;816,299;834,126;818,129;835,198;822,95;837,266;823,173;847,110;841,41;860,310;854,69;865,52;859,283;868,72;862,217;877,152;870,251;886,106;877,87;893,60;884,89;897,16;888,61;897,244;894,145;906,112;900,211;916,252;907,291;936,224;908,39;942,26;910,13;943,116;910,111;944,142;912,285;948,108;915,231;949,188;921,273;952,194;926,113;956,132;926,195;963,134;940,93;965,254;948,255;971,94;964,121;974,172;987,165;983,306;990,307;989,250;996,3;999,316;1000,149;
2,309;4,33;7,70;7,137;8,265;8,218;9,48;11,196;13,50;13,158;14,73;22,15;22,35;24,86;28,37;29,67;40,289;40,76;42,42;46,290;52,154;53,312;54,228;62,29;62,257;63,302;67,277;67,143;70,105;71,2;72,201;72,319;73,226;78,24;80,272;83,31;87,210;88,182;94,175;94,146;96,12;96,65;103,23;106,131;119,21;124,163;125,97;126,56;128,27;134,79;140,64;146,119;148,297;152,305;154,295;158,147;173,274;173,169;186,256;187,19;188,189;191,284;192,314;195,103;196,294;196,313;207,8;213,270;214,140;214,155;215,243;217,237;219,118;220,317;224,235;229,133;232,207;233,216;237,215;242,199;246,161;246,203;247,174;247,220;249,30;250,139;256,288;256,292;257,184;258,287;259,83;262,34;262,271;264,197;265,102;267,202;270,303;271,122;280,62;285,293;290,96;300,308;302,144;303,185;317,181;319,74;323,138;324,59;329,261;333,321;333,63;339,258;340,192;342,47;345,239;349,240;350,167;354,262;358,260;359,57;359,156;366,107;373,205;380,54;383,219;388,233;390,120;390,11;391,318;397,10;400,177;410,170;411,7;413,230;421,214;421,264;428,241;429,49;430,236;436,17;438,232;440,168;441,77;442,38;443,212;445,109;445,278;451,223;452,151;458,71;458,191;465,101;466,75;473,36;473,225;473,248;474,180;478,200;486,183;491,135;493,221;497,123;499,22;507,204;509,276;510,209;511,281;522,153;524,296;528,1;531,159;534,300;535,193;538,92;542,90;544,148;544,166;557,46;572,0;574,160;574,242;575,14;576,125;578,315;585,176;587,171;589,43;593,99;595,253;596,162;598,150;599,82;600,245;601,269;603,4;606,282;616,187;619,100;622,91;622,275;636,9;636,84;639,208;640,68;642,117;645,115;649,304;649,98;665,301;672,80;673,51;677,40;678,127;679,249;684,130;684,247;686,20;688,164;706,124;709,268;710,66;710,25;711,190;713,141;717,81;722,298;727,6;727,5;728,213;729,178;733,88;734,246;735,179;739,279;749,263;750,28;750,114;753,85;754,157;755,229;760,44;760,32;766,53;768,259;768,128;769,311;771,238;773,227;782,18;788,267;789,136;789,286;790,104;794,186;799,55;802,206;806,234;809,78;810,45;815,58;816,299;817,222;818,129;819,320;822,95;823,173;824,280;834,126;835,198;837,266;841,41;847,110;854,69;859,283;860,310;862,217;865,52;868,72;870,251;877,87;877,152;884,89;886,106;888,61;893,60;894,145;897,244;897,16;900,211;906,112;907,291;908,39;910,111;910,13;912,285;915,231;916,252;921,273;926,113;926,195;936,224;940,93;942,26;943,116;944,142;948,255;948,108;949,188;952,194;956,132;963,134;964,121;965,254;971,94;974,172;983,306;987,165;989,250;990,307;996,3;999,316;1000,149;
2,309;4,33;7,70;7,137;8,218;8,265;9,48;11,196;13,50;13,158;14,73;22,15;22,35;24,86;28,37;29,67;40,76;40,289;42,42;46,290;52,154;53,312;54,228;62,29;62,257;63,302;67,143;67,277;70,105;71,2;72,201;72,319;73,226;78,24;80,272;83,31;87,210;88,182;94,146;94,175;96,12;96,65;103,23;106,131;119,21;124,163;125,97;126,56;128,27;134,79;140,64;146,119;148,297;152,305;154,295;158,147;173,169;173,274;186,256;187,19;188,189;191,284;192,314;195,103;196,294;196,313;207,8;213,270;214,140;214,155;215,243;217,237;219,118;220,317;224,235;229,133;232,207;233,216;237,215;242,199;246,161;246,203;247,174;247,220;249,30;250,139;256,288;256,292;257,184;258,287;259,83;262,34;262,271;264,197;265,102;267,202;270,303;271,122;280,62;285,293;290,96;300,308;302,144;303,185;317,181;319,74;323,138;324,59;329,261;333,63;333,321;339,258;340,192;342,47;345,239;349,240;350,167;354,262;358,260;359,57;359,156;366,107;373,205;380,54;383,219;388,233;390,11;390,120;391,318;397,10;400,177;410,170;411,7;413,230;421,214;421,264;428,241;429,49;430,236;436,17;438,232;440,168;441,77;442,38;443,212;445,109;445,278;451,223;452,151;458,71;458,191;465,101;466,75;473,36;473,225;473,248;474,180;478,200;486,183;491,135;493,221;497,123;499,22;507,204;509,276;510,209;511,281;522,153;524,296;528,1;531,159;534,300;535,193;538,92;542,90;544,148;544,166;557,46;572,0;574,160;574,242;575,14;576,125;578,315;585,176;587,171;589,43;593,99;595,253;596,162;598,150;599,82;600,245;601,269;603,4;606,282;616,187;619,100;622,91;622,275;636,9;636,84;639,208;640,68;642,117;645,115;649,98;649,304;665,301;672,80;673,51;677,40;678,127;679,249;684,130;684,247;686,20;688,164;706,124;709,268;710,25;710,66;711,190;713,141;717,81;722,298;727,5;727,6;728,213;729,178;733,88;734,246;735,179;739,279;749,263;750,28;750,114;753,85;754,157;755,229;760,32;760,44;766,53;768,128;768,259;769,311;771,238;773,227;782,18;788,267;789,136;789,286;790,104;794,186;799,55;802,206;806,234;809,78;810,45;815,58;816,299;817,222;818,129;819,320;822,95;823,173;824,280;834,126;835,198;837,266;841,41;847,110;854,69;859,283;860,310;862,217;865,52;868,72;870,251;877,87;877,152;884,89;886,106;888,61;893,60;894,145;897,16;897,244;900,211;906,112;907,291;908,39;910,13;910,111;912,285;915,231;916,252;921,273;926,113;926,195;936,224;940,93;942,26;943,116;944,142;948,108;948,255;949,188;952,194;956,132;963,134;964,121;965,254;971,94;974,172;983,306;987,165;989,250;990,307;996,3;999,316;1000,149;
2,309;4,33;7,70;7,137;8,265;8,218;9,48;11,196;13,50;13,158;14,73;22,35;22,15;24,86;28,37;29,67;40,76;40,289;42,42;46,290;52,154;53,312;54,228;62,257;62,29;63,302;67,143;67,277;70,105;71,2;72,201;72,319;73,226;78,24;80,272;83,31;87,210;88,182;94,175;94,146;96,65;96,12;103,23;106,131;119,21;124,163;125,97;126,56;128,27;134,79;140,64;146,119;148,297;152,305;154,295;158,147;173,169;173,274;186,256;187,19;188,189;191,284;192,314;195,103;196,313;196,294;207,8;213,270;214,140;214,155;215,243;217,237;219,118;220,317;224,235;229,133;232,207;233,216;237,215;242,199;246,203;246,161;247,174;247,220;249,30;250,139;256,292;256,288;257,184;258,287;259,83;262,34;262,271;264,197;265,102;267,202;270,303;271,122;280,62;285,293;290,96;300,308;302,144;303,185;317,181;319,74;323,138;324,59;329,261;333,63;333,321;339,258;340,192;342,47;345,239;349,240;350,167;354,262;358,260;359,156;359,57;366,107;373,205;380,54;383,219;388,233;390,120;390,11;391,318;397,10;400,177;410,170;411,7;413,230;421,214;421,264;428,241;429,49;430,236;436,17;438,232;440,168;441,77;442,38;443,212;445,109;445,278;451,223;452,151;458,71;458,191;465,101;466,75;473,248;473,36;473,225;474,180;478,200;486,183;491,135;493,221;497,123;499,22;507,204;509,276;510,209;511,281;522,153;524,296;528,1;531,159;534,300;535,193;538,92;542,90;544,148;544,166;557,46;572,0;574,242;574,160;575,14;576,125;578,315;585,176;587,171;589,43;593,99;595,253;596,162;598,150;599,82;600,245;601,269;603,4;606,282;616,187;619,100;622,91;622,275;636,84;636,9;639,208;640,68;642,117;645,115;649,98;649,304;665,301;672,80;673,51;677,40;678,127;679,249;684,130;684,247;686,20;688,164;706,124;709,268;710,25;710,66;711,190;713,141;717,81;722,298;727,6;727,5;728,213;729,178;733,88;734,246;735,179;739,279;749,263;750,114;750,28;753,85;754,157;755,229;760,32;760,44;766,53;768,259;768,128;769,311;771,238;773,227;782,18;788,267;789,286;789,136;790,104;794,186;799,55;802,206;806,234;809,78;810,45;815,58;816,299;817,222;818,129;819,320;822,95;823,173;824,280;834,126;835,198;837,266;841,41;847,110;854,69;859,283;860,310;862,217;865,52;868,72;870,251;877,87;877,152;884,89;886,106;888,61;893,60;894,145;897,244;897,16;900,211;906,112;907,291;908,39;910,111;910,13;912,285;915,231;916,252;921,273;926,113;926,195;936,224;940,93;942,26;943,116;944,142;948,108;948,255;949,188;952,194;956,132;963,134;964,121;965,254;971,94;974,172;983,306;987,165;989,250;990,307;996,3;999,316;1000,149;
333,321;528,1;71,2;72,319;391,318;220,317;192,314;411,7;207,8;196,313;397,10;390,11;96,12;53,312;2,309;22,15;300,308;436,17;152,305;187,19;270,303;119,21;499,22;103,23;78,24;63,302;534,300;128,27;148,297;62,29;249,30;83,31;524,296;4,33;262,34;22,35;473,36;28,37;442,38;154,295;196,294;285,293;42,42;256,292;46,290;40,289;557,46;342,47;9,48;429,49;13,50;256,288;258,287;191,284;380,54;511,281;126,56;359,57;445,278;324,59;67,277;509,276;280,62;333,63;140,64;96,65;173,274;29,67;80,272;262,271;7,70;458,71;213,270;14,73;319,74;466,75;40,76;441,77;8,265;134,79;421,264;354,262;329,261;259,83;358,260;339,258;24,86;62,257;186,256;473,248;542,90;215,243;538,92;428,241;349,240;345,239;290,96;125,97;217,237;430,236;224,235;465,101;265,102;195,103;388,233;70,105;438,232;366,107;413,230;445,109;54,228;73,226;473,225;451,223;493,221;247,220;383,219;8,218;219,118;146,119;390,120;233,216;271,122;497,123;237,215;421,214;443,212;87,210;510,209;232,207;373,205;106,131;507,204;229,133;246,203;491,135;267,202;7,137;323,138;250,139;214,140;72,201;478,200;67,143;302,144;242,199;94,146;158,147;544,148;264,197;11,196;452,151;535,193;522,153;52,154;214,155;359,156;340,192;13,158;531,159;458,191;246,161;188,189;124,163;303,185;257,184;544,166;350,167;440,168;173,169;410,170;486,183;88,182;317,181;247,174;94,175;474,180;400,177;572,0;735,179;585,176;823,173;974,172;587,171;987,165;688,164;794,186;616,187;949,188;596,162;711,190;574,160;754,157;877,152;952,194;926,195;598,150;1000,149;835,198;894,145;944,142;713,141;789,136;963,134;956,132;684,130;802,206;818,129;639,208;768,128;678,127;900,211;834,126;728,213;576,125;706,124;964,121;862,217;642,117;943,116;645,115;750,114;817,222;926,113;936,224;906,112;910,111;773,227;847,110;755,229;948,108;915,231;886,106;790,104;806,234;619,100;593,99;649,98;771,238;822,95;971,94;940,93;574,242;622,91;897,244;600,245;734,246;684,247;884,89;679,249;989,250;870,251;916,252;595,253;965,254;948,255;733,88;877,87;753,85;768,259;636,84;599,82;717,81;749,263;672,80;809,78;837,266;788,267;709,268;601,269;868,72;854,69;640,68;921,273;710,66;622,275;888,61;893,60;815,58;739,279;824,280;799,55;606,282;859,283;766,53;912,285;789,286;865,52;673,51;810,45;760,44;907,291;589,43;841,41;677,40;908,39;760,32;750,28;722,298;816,299;942,26;665,301;710,25;686,20;649,304;782,18;983,306;990,307;897,16;575,14;860,310;769,311;910,13;636,9;727,6;578,315;999,316;727,5;603,4;996,3;819,320;729,178;
72,319;220,317;71,2;192,314;196,313;53,312;2,309;300,308;207,8;152,305;270,303;63,302;96,12;148,297;154,295;22,15;196,294;285,293;256,292;187,19;46,290;119,21;40,289;103,23;78,24;256,288;258,287;128,27;191,284;62,29;249,30;83,31;67,277;4,33;262,34;22,35;173,274;28,37;80,272;262,271;213,270;8,265;42,42;354,262;329,261;358,260;339,258;342,47;9,48;62,257;13,50;186,256;215,243;349,240;345,239;217,237;126,56;359,57;224,235;324,59;54,228;73,226;280,62;333,63;140,64;96,65;247,220;29,67;8,218;233,216;7,70;237,215;87,210;14,73;319,74;232,207;40,76;246,203;267,202;134,79;72,201;242,199;264,197;259,83;11,196;340,192;24,86;188,189;303,185;257,184;88,182;317,181;94,175;247,174;173,169;350,167;290,96;125,97;124,163;246,161;13,158;359,156;265,102;195,103;214,155;70,105;52,154;333,321;158,147;94,146;302,144;67,143;214,140;250,139;323,138;7,137;229,133;106,131;219,118;146,119;271,122;366,107;390,120;497,123;706,124;576,125;834,126;678,127;768,128;818,129;684,130;642,117;956,132;943,116;963,134;491,135;789,136;645,115;750,114;926,113;906,112;713,141;944,142;910,111;847,110;894,145;445,109;948,108;544,148;1000,149;598,150;452,151;877,152;522,153;886,106;790,104;465,101;754,157;619,100;531,159;574,160;593,99;596,162;649,98;688,164;987,165;544,166;822,95;440,168;971,94;410,170;587,171;974,172;823,173;940,93;538,92;585,176;400,177;729,178;735,179;474,180;622,91;542,90;486,183;884,89;733,88;794,186;616,187;949,188;877,87;711,190;458,191;753,85;535,193;952,194;926,195;636,84;599,82;835,198;717,81;478,200;672,80;809,78;441,77;507,204;373,205;802,206;466,75;639,208;510,209;868,72;900,211;443,212;728,213;421,214;458,71;854,69;862,217;640,68;383,219;710,66;493,221;817,222;451,223;936,224;473,225;888,61;773,227;893,60;755,229;413,230;915,231;438,232;388,233;806,234;815,58;430,236;799,55;771,238;380,54;766,53;428,241;574,242;865,52;897,244;600,245;734,246;684,247;473,248;679,249;989,250;870,251;916,252;595,253;965,254;948,255;673,51;429,49;557,46;768,259;810,45;760,44;589,43;749,263;421,264;841,41;837,266;788,267;709,268;601,269;677,40;908,39;442,38;921,273;473,36;622,275;509,276;760,32;445,278;739,279;824,280;511,281;606,282;859,283;750,28;912,285;789,286;942,26;710,25;499,22;686,20;907,291;782,18;436,17;897,16;575,14;524,296;910,13;722,298;816,299;534,300;665,301;390,11;397,10;649,304;636,9;983,306;990,307;411,7;727,6;860,310;769,311;727,5;603,4;996,3;578,315;999,316;528,1;391,318;572,0;819,320;964,121;
72,319;220,317;71,2;192,314;196,313;53,312;2,309;152,305;207,8;63,302;148,297;154,295;96,12;196,294;46,290;22,15;40,289;191,284;67,277;187,19;173,274;119,21;80,272;103,23;78,24;213,270;8,265;128,27;62,257;62,29;186,256;83,31;215,243;4,33;217,237;22,35;224,235;28,37;54,228;73,226;8,218;233,216;42,42;237,215;87,210;232,207;246,203;72,201;9,48;242,199;13,50;11,196;188,189;88,182;94,175;173,169;126,56;124,163;13,158;214,155;52,154;158,147;94,146;67,143;140,64;96,65;214,140;29,67;7,137;229,133;7,70;106,131;146,119;14,73;219,118;70,105;40,76;195,103;125,97;134,79;24,86;246,161;599,82;259,83;636,84;753,85;672,80;877,87;733,88;884,89;542,90;622,91;538,92;940,93;971,94;822,95;290,96;809,78;649,98;593,99;619,100;465,101;265,102;441,77;790,104;466,75;886,106;366,107;948,108;445,109;847,110;910,111;906,112;926,113;750,114;645,115;943,116;642,117;319,74;868,72;390,120;964,121;271,122;497,123;706,124;576,125;834,126;678,127;768,128;818,129;684,130;458,71;956,132;854,69;963,134;491,135;789,136;640,68;323,138;250,139;710,66;713,141;944,142;333,63;302,144;894,145;280,62;888,61;544,148;1000,149;598,150;452,151;877,152;522,153;893,60;324,59;359,156;754,157;815,58;531,159;574,160;333,321;596,162;359,57;688,164;987,165;544,166;350,167;440,168;799,55;410,170;587,171;974,172;823,173;247,174;380,54;585,176;400,177;729,178;735,179;474,180;317,181;766,53;486,183;257,184;303,185;794,186;616,187;949,188;865,52;711,190;458,191;340,192;535,193;952,194;926,195;673,51;264,197;835,198;429,49;478,200;342,47;267,202;557,46;507,204;373,205;802,206;810,45;639,208;510,209;760,44;900,211;443,212;728,213;421,214;589,43;841,41;862,217;677,40;383,219;247,220;493,221;817,222;451,223;936,224;473,225;908,39;773,227;442,38;755,229;413,230;915,231;438,232;388,233;806,234;473,36;430,236;262,34;771,238;345,239;349,240;428,241;574,242;760,32;897,244;600,245;734,246;684,247;473,248;679,249;989,250;870,251;916,252;595,253;965,254;948,255;249,30;750,28;339,258;768,259;358,260;329,261;354,262;749,263;421,264;942,26;837,266;788,267;709,268;601,269;710,25;262,271;499,22;921,273;686,20;622,275;509,276;782,18;445,278;739,279;824,280;511,281;606,282;859,283;436,17;912,285;789,286;258,287;256,288;897,16;575,14;907,291;256,292;285,293;910,13;390,11;524,296;397,10;722,298;816,299;534,300;665,301;636,9;270,303;649,304;411,7;983,306;990,307;300,308;727,6;860,310;769,311;727,5;603,4;996,3;578,315;999,316;528,1;391,318;572,0;819,320;717,81;
72,319;220,317;71,2;192,314;196,313;53,312;2,309;300,308;207,8;152,305;270,303;63,302;96,12;148,297;154,295;22,15;196,294;285,293;256,292;187,19;46,290;119,21;40,289;103,23;78,24;256,288;258,287;128,27;191,284;62,29;249,30;83,31;67,277;4,33;262,34;22,35;173,274;28,37;80,272;262,271;213,270;8,265;42,42;329,261;62,257;186,256;215,243;217,237;9,48;224,235;13,50;54,228;73,226;247,220;8,218;233,216;126,56;237,215;87,210;324,59;232,207;246,203;280,62;333,63;140,64;96,65;267,202;29,67;72,201;242,199;7,70;264,197;11,196;14,73;319,74;188,189;40,76;303,185;257,184;134,79;88,182;317,181;94,175;259,83;247,174;173,169;24,86;124,163;246,161;13,158;214,155;52,154;158,147;94,146;302,144;67,143;290,96;125,97;214,140;250,139;323,138;7,137;265,102;195,103;229,133;70,105;106,131;271,122;146,119;219,118;333,321;910,111;906,112;926,113;750,114;645,115;943,116;642,117;445,109;948,108;390,120;964,121;366,107;497,123;706,124;576,125;834,126;678,127;768,128;818,129;684,130;886,106;956,132;790,104;963,134;491,135;789,136;465,101;619,100;593,99;649,98;713,141;944,142;822,95;971,94;894,145;940,93;538,92;544,148;1000,149;598,150;452,151;877,152;522,153;622,91;542,90;359,156;754,157;884,89;531,159;574,160;733,88;596,162;877,87;688,164;987,165;544,166;350,167;440,168;753,85;410,170;587,171;974,172;823,173;636,84;599,82;585,176;400,177;729,178;735,179;474,180;717,81;672,80;486,183;809,78;441,77;794,186;616,187;949,188;466,75;711,190;458,191;340,192;535,193;952,194;926,195;868,72;458,71;835,198;854,69;478,200;640,68;710,66;888,61;507,204;373,205;802,206;893,60;639,208;510,209;815,58;900,211;443,212;728,213;421,214;359,57;799,55;862,217;380,54;383,219;766,53;493,221;817,222;451,223;936,224;473,225;865,52;773,227;673,51;755,229;413,230;915,231;438,232;388,233;806,234;429,49;430,236;342,47;771,238;345,239;349,240;428,241;574,242;557,46;897,244;600,245;734,246;684,247;473,248;679,249;989,250;870,251;916,252;595,253;965,254;948,255;810,45;760,44;339,258;768,259;358,260;589,43;354,262;749,263;421,264;841,41;837,266;788,267;709,268;601,269;677,40;908,39;442,38;921,273;473,36;622,275;509,276;760,32;445,278;739,279;824,280;511,281;606,282;859,283;750,28;912,285;789,286;942,26;710,25;499,22;686,20;907,291;782,18;436,17;897,16;575,14;524,296;910,13;722,298;816,299;534,300;665,301;390,11;397,10;649,304;636,9;983,306;990,307;411,7;727,6;860,310;769,311;727,5;603,4;996,3;578,315;999,316;528,1;391,318;572,0;819,320;847,110;
Done
